0.813402 9.35868
13.035 6.76695
0.255704 7.63048
4.43327 5.20703
13.3567 8.76721
9.36156 6.56296
8.93335 7.47396
2.46879 4.37263
9.62692 5.76451
7.30151 5.69228
15.3663 6.68429
11.9266 5.07238
6.17467 2.96256
7.70644 8.82963
2.92179 3.1299
0.686675 3.76981
12.6604 5.39599
0.199577 0.814072
10.5743 6.5933
3.04662 9.1473
4.89087 7.00184
3.84651 7.11803
3.29466 6.58042
10.2292 1.96851
11.6677 4.21905
3.17885 4.12741
14.9867 5.8501
3.20998 7.07375
9.77005 0.19
1.79128 1.77148
8.85265 5.8515
14.1254 4.48051
11.5737 4.89214
7.54272 9.41398
5.40411 5.39906
9.09294 7.21606
3.44349 6.69794
12.4097 9.31026
2.66337 8.45702
15.7938 6.3943
2.62682 5.2356
3.16084 6.61566
0.423982 0.116289
1.17243 3.19497
1.49984 6.56777
5.28401 1.02756
14.6975 7.05341
4.222 6.66789
2.82133 4.34523
10.8188 2.09793
3.51171 2.13959
13.0755 8.00623
3.84024 9.51512
14.7098 8.47055
4.17418 0.850563
4.01546 9.78622
1.10987 4.7677
3.82941 7.80712
6.98947 3.79873
11.432 8.15029
15.5122 6.70442
9.00061 2.19348
7.00806 3.94895
6.1665 1.55245
2.28954 5.91171
8.97241 0.921028
1.94759 9.39607
8.64599 0.139813
11.1993 5.14964
6.69083 0.687309
13.8711 3.94
5.39945 9.33849
0.228296 0.695017
15.1994 5.87608
12.4611 2.67064
12.2859 6.51797
7.6842 1.73754
9.3074 9.48488
1.02286 4.62253
3.35523 6.90594
12.4111 1.30489
3.67232 2.58176
9.95912 8.8314
12.7762 3.79441
13.0537 2.64457
1.69479 3.49575
15.6457 2.01157
10.4356 4.54823
11.9831 3.59448
2.98166 8.02917
1.32747 7.6578
13.1715 7.88962
8.61824 3.96269
6.50163 5.66165
7.22843 1.91028
6.04725 7.75202
15.4195 5.72138
15.0433 0.252963
9.17506 2.85777
1.70689 2.90851
5.37715 5.93178
4.3057 4.26098
7.09272 4.50107
3.22662 5.03288
14.52 4.6305
3.34642 6.68711
0.970058 4.45247
11.0937 6.89862
7.51483 7.20258
8.66572 0.843524
4.65341 2.25188
10.0649 5.44692
6.67691 4.30043
2.51126 6.66229
13.7433 9.94876
4.20867 2.28351
3.81789 9.75806
0.656849 5.58459
10.6578 0.522294
4.18781 4.34535
4.03874 2.13842
15.3193 6.95179
12.787 1.82127
11.7313 5.65432
2.62593 8.59982
12.7611 1.82552
8.87632 6.68813
15.7982 2.89232
4.54086 3.27125
12.5696 7.68129
6.09556 2.71811
3.02604 0.828773
3.89944 8.90744
6.95494 6.12564
4.69955 4.07926
1.46539 6.37375
4.52506 4.10019
2.1287 0.203301
10.4267 9.66639
9.32404 7.84089
6.12861 7.73779
10.0504 9.30429
2.0092 6.73226
4.19257 5.42521
14.9499 8.82704
11.4015 5.90629
13.9263 5.7619
6.11842 2.70837
13.1477 1.45294
8.52022 0.614564
14.269 4.59964
