8.14944 2.53612
2.9643 3.55618
11.631 3.99035
6.84966 9.66132
8.95769 4.93498
8.21536 4.56353
13.0224 4.8721
6.63527 0.0149797
8.1136 0.261197
1.09631 8.17713
7.51972 3.50937
7.51694 5.21967
10.6428 8.39648
0.474591 9.21066
7.07572 3.84018
1.77916 0.727411
0.0546619 4.50281
8.24708 4.7409
11.839 4.57722
15.5761 3.8021
4.12679 6.9462
5.46101 0.517944
4.53709 7.69296
6.66702 3.85865
8.63825 7.88108
14.2597 9.78205
4.37365 0.639315
6.19116 8.76299
9.15422 4.20125
4.97916 1.96593
5.81526 5.91736
6.00475 7.23036
3.56413 4.60039
15.2027 7.86566
15.5159 8.57551
11.3735 8.49541
15.4371 1.35057
0.102952 0.622479
8.87315 8.61675
5.27413 7.2368
1.76723 0.927373
14.6291 3.96462
8.49536 8.32098
11.5087 3.12182
7.33264 0.133677
3.69616 9.40139
12.7686 8.10157
4.52145 5.93589
2.8563 7.65077
1.55946 8.23377
12.6331 4.14357
2.76473 7.43576
13.4273 1.91378
14.9508 8.17489
14.84 4.03427
3.21712 5.27368
13.1017 2.42847
15.5341 5.9874
14.1056 1.50934
14.3639 7.46918
4.14568 6.99484
0.662158 8.43052
1.93147 9.10561
3.91113 2.79794
3.83132 0.346163
10.9629 1.06486
7.49274 9.17559
9.46195 7.78602
8.60815 7.24309
1.61967 7.9384
5.94735 1.04928
11.7005 1.71098
2.76576 6.8538
5.6667 3.30035
1.00638 8.15519
5.48334 2.95085
12.5662 2.96485
4.00681 1.13964
12.7344 2.36974
4.11683 7.41562
1.68415 6.1108
9.26055 5.00083
14.084 9.35252
1.05227 8.68261
8.83348 2.78033
1.73129 2.49042
2.91756 6.71403
3.4465 6.03869
0.426379 2.61541
14.6836 4.2187
11.176 7.72458
1.28248 6.90759
2.14033 6.87226
3.12878 2.5627
9.65588 6.63656
7.47831 1.74909
6.33716 6.17414
0.76808 0.479673
15.7382 5.44531
8.74166 9.02272
2.48742 7.72661
