13.7543 9.36892
2.76762 2.33585
11.6484 7.45992
3.02199 6.1726
5.74291 5.46744
6.76932 9.12807
12.2853 4.09357
13.7687 9.81387
6.23677 8.64845
2.99863 5.00659
5.66834 6.31018
3.46992 7.86452
5.85848 7.84476
5.59671 2.64662
4.30621 0.214125
4.07307 7.83848
8.18223 0.954805
2.64801 0.710763
2.64002 8.59364
2.11901 7.3482
7.8912 0.0849967
3.44805 6.60931
2.94198 7.83938
13.1816 6.08792
3.60825 0.0915253
10.3567 2.40314
6.06476 5.27391
2.88911 8.85899
15.442 4.50252
15.1311 6.16509
11.4958 0.966673
15.8071 3.05008
8.06642 8.52688
12.5352 0.155811
10.1253 5.31316
2.3342 9.74168
9.02218 4.83047
11.6206 9.42149
0.66699 3.73535
14.6677 1.43769
5.791 5.58069
3.22292 7.54087
11.2548 9.21705
6.01797 6.0812
15.9241 2.85624
8.32182 2.36292
7.88914 3.79945
7.26795 0.392962
1.00138 1.24216
5.90386 7.78327
8.32452 8.43514
7.62865 3.71935
0.785588 6.29271
15.7309 0.344903
11.8178 1.95743
6.99073 1.95896
7.15957 5.19518
5.74723 8.95889
11.7133 8.31939
4.22529 5.18158
0.904974 5.73764
15.69 0.496053
14.2039 9.04725
2.92491 9.83895
5.71058 5.60539
8.96074 0.530084
15.3237 6.98155
9.32867 1.81663
5.57713 8.5629
1.09415 9.00337
1.3198 2.31169
9.1487 7.66038
11.0177 2.3295
9.56293 6.66165
11.2011 3.71615
2.06039 7.38933
4.48273 5.64628
1.12699 3.83916
15.1862 8.58871
0.744139 3.9896
10.5452 6.34292
3.09246 2.37723
15.1362 3.76669
6.87526 1.99435
3.27923 8.27178
10.8817 4.59718
5.20433 5.4543
1.91801 5.72685
14.4777 7.59498
3.93007 9.52758
9.63079 3.51822
10.8016 0.909272
6.27118 6.15219
8.25135 1.19408
1.91865 1.21806
14.0899 9.8606
2.60065 5.3018
2.75936 7.6648
2.37833 9.80369
13.819 3.86728
13.0795 2.48105
3.3723 1.42762
13.6836 4.05294
10.2042 1.13712
5.72228 5.74236
15.5124 1.83654
6.06562 1.96656
14.3245 0.0668918
12.6455 8.99188
11.9944 3.95717
5.98728 0.830862
6.64818 1.50202
6.50438 5.01751
7.01871 7.41501
14.8032 6.7926
4.23614 0.320789
5.32075 9.75203
3.10228 9.2727
15.6511 0.723878
7.95304 4.41696
10.6906 4.56109
3.21736 1.5711
5.65413 8.4072
9.31563 4.64022
13.6126 6.80394
7.08678 7.2654
4.66899 2.47951
8.57483 8.2711
5.20756 5.45466
15.9555 4.02158
2.80346 3.74771
4.45861 1.97221
2.81743 0.80726
14.8636 8.02726
9.40564 7.80325
2.65821 3.68324
1.91477 1.1085
11.8359 6.50094
6.95809 3.78753
6.67077 8.61408
14.8946 3.81431
7.81364 5.22301
8.22937 7.48105
5.16794 4.50682
0.606874 5.74106
3.70768 7.51457
6.60118 4.09105
7.61033 9.10494
9.12933 4.72462
4.28425 6.9358
7.37325 0.427084
