3.1137 5.64671
9.83716 4.22103
10.595 7.79815
10.7239 4.77995
6.20636 4.72361
6.41293 8.63561
14.8611 9.32753
14.0921 7.03308
2.96715 9.92657
7.35564 9.83519
5.29173 2.59529
11.1856 6.38252
15.3862 6.19123
3.7173 9.44648
12.216 5.18922
8.86325 6.09895
14.5497 3.23473
10.2636 6.92231
10.7465 9.35999
15.6793 2.19406
2.28691 6.58326
2.58916 2.70422
0.910309 2.77319
3.74918 1.8541
5.97042 9.16586
6.62466 8.00266
1.14686 0.439675
13.6538 7.13907
11.8293 1.89352
2.62051 1.22844
4.3299 2.76162
10.814 8.65349
4.12179 4.64594
10.7951 0.531994
1.64575 8.71196
12.2348 5.13709
7.86094 3.29571
7.80531 8.50715
5.14654 4.8045
8.57064 0.631395
5.38296 3.13794
11.6633 0.977363
13.6537 8.13887
2.60352 3.48031
6.92546 9.9572
9.46174 3.4809
3.35116 2.85433
9.89701 5.94613
3.85145 4.97671
9.31669 7.07069
6.59394 2.79141
1.3806 6.85388
8.15078 9.69028
10.2618 9.10916
13.1237 5.04089
12.7715 8.83751
7.91569 0.469321
4.81858 8.40287
13.9545 8.93282
12.2696 8.17429
0.235103 1.40421
14.6964 7.03898
13.3289 0.725204
11.3979 9.04865
0.307706 8.85317
10.4333 9.91977
15.5427 7.59204
15.8806 1.27238
15.0029 3.28067
10.0076 4.94178
8.25873 1.58612
8.48862 7.10023
13.4937 3.50234
11.5296 9.26719
5.97371 1.80386
9.78903 4.61147
5.42048 8.33577
2.30643 1.60855
10.8362 1.24171
0.535915 3.02205
13.9968 1.46286
4.36422 9.01742
0.402904 7.43558
1.21472 2.37703
15.0167 8.9472
6.1514 1.59563
15.8864 6.32647
2.26969 1.03518
1.26344 2.53366
2.95217 1.9794
1.4054 3.72091
14.4234 7.7587
11.542 9.8542
2.33536 7.61392
11.4242 4.46604
14.0155 4.96795
11.4351 5.16092
0.352627 6.00732
3.25937 4.75137
13.3409 3.84569
2.45466 3.10986
11.8497 9.34583
0.781061 0.164521
9.64088 8.87751
11.3367 1.07222
8.65647 0.0127678
12.6782 5.81982
4.71588 0.570574
14.098 0.263588
5.78324 9.26302
7.38106 9.82133
5.00586 4.1508
14.2183 1.69581
0.431195 1.00565
6.34685 1.27178
10.5836 8.43576
9.24725 4.87581
0.68866 4.25102
5.30091 8.81232
3.49519 3.77634
2.22223 3.27645
12.7798 1.61042
1.60685 3.72462
11.8931 4.03093
12.1039 2.03779
11.4864 2.42169
4.10265 7.39702
2.69891 4.8696
4.43219 0.598122
5.36401 1.22333
0.736096 0.589488
6.91553 1.27845
4.85782 0.445762
13.8849 4.49956
6.74054 0.677581
14.0606 3.11028
7.31214 9.65496
11.4802 6.66293
13.5523 4.8549
11.874 7.73681
14.5425 6.74099
15.6314 4.93978
2.39572 0.364204
2.47128 6.51168
3.49159 2.95765
3.64179 6.97085
7.26137 7.65484
0.170069 3.99921
3.45231 7.86887
1.33975 3.80647
7.24901 5.81179
