12.9599 4.72058
1.04281 9.15124
1.46893 0.412536
12.8265 1.29106
11.2624 0.626986
11.8946 5.8563
15.1789 0.049955
4.13638 3.46166
15.5765 0.707785
15.5823 5.30739
7.40933 7.61977
15.4718 8.73765
11.1914 5.28419
4.0437 4.2227
3.94808 4.9029
12.789 7.53093
14.0171 8.80503
4.55777 4.48907
6.38396 4.96777
14.3657 5.90803
11.7232 7.18969
1.48922 1.65895
13.9695 5.03122
8.47737 0.35315
3.79359 1.72301
2.14989 7.36271
11.1404 4.82401
7.90512 4.50299
5.93524 9.20437
6.90756 5.2581
10.9206 7.63306
15.1341 1.07443
13.7597 5.11091
5.79213 5.97978
8.00645 1.39037
3.10381 6.38492
13.9266 5.68966
8.80309 3.87194
1.89426 9.30393
7.75566 7.62199
12.4531 3.29776
12.9125 2.15009
12.2515 7.22151
7.55167 6.76801
11.499 8.78358
8.03029 5.43963
10.6914 3.32356
4.3952 0.874128
12.5338 0.0900333
3.27431 9.68131
4.69781 2.59248
6.54229 8.59091
2.50524 0.0359396
4.02217 5.85765
7.43153 2.53163
1.34625 1.08746
11.8585 4.94837
1.68315 3.19601
15.969 3.87668
5.82377 8.15904
13.6739 4.57822
9.2466 7.90315
3.09066 3.47382
13.4209 1.44712
14.1475 7.86427
10.0053 3.90538
9.31205 2.39451
2.20837 3.21762
2.90214 2.59031
11.1851 9.68718
12.0967 8.59979
5.38098 3.82203
7.6687 0.529667
8.44955 9.497
5.47765 2.38749
13.6707 3.08679
15.6971 9.44612
6.63247 8.40365
11.996 3.33657
0.0313909 6.46651
9.26562 7.31647
3.02431 9.59102
8.00767 8.77979
10.4265 5.38254
9.78854 4.2729
8.81038 0.282623
2.44227 5.95656
11.5549 4.91596
8.13353 4.71796
2.47417 2.37218
3.06707 2.39846
9.95939 5.65834
2.90317 3.0184
9.72197 4.00232
12.3429 6.88162
0.646682 8.55399
2.44625 5.03184
10.0092 0.187916
3.75935 0.634574
3.41635 8.71909
4.64946 5.91982
