3.79095 6.15164
4.16966 4.51144
10.7934 3.74733
6.3548 4.44588
1.25712 5.06646
14.6005 1.52941
0.903823 5.49487
4.91369 2.85172
3.51649 6.55241
11.5757 7.09231
14.5386 3.88765
2.96557 3.80278
4.24803 6.32715
3.43327 3.52781
4.81578 6.08103
9.3143 6.19553
2.05032 3.3808
0.438019 0.0451215
13.9383 9.81461
2.17649 1.54264
13.1549 1.78669
2.31875 2.15725
6.61383 7.41907
7.90499 2.89921
4.72994 8.72891
5.87126 4.13394
0.988366 5.07354
15.6324 6.62642
3.23167 5.57915
13.819 8.94111
6.51082 9.85648
4.86514 3.75476
0.34979 8.14906
10.4332 2.73178
2.39524 0.591748
0.273454 4.11617
9.6079 1.72748
15.7232 8.33251
4.20358 2.67701
10.8303 9.91287
9.82832 1.01474
0.624771 4.83944
8.16241 6.52548
8.10172 4.05895
11.9604 6.637
5.90276 1.19307
3.18216 4.36115
3.83793 6.18479
15.7844 6.44939
13.6971 4.70187
7.10589 0.775805
15.8653 8.72049
3.23819 0.572039
3.33958 8.46216
11.5673 4.95621
11.1342 4.20907
12.7801 4.85153
12.7483 5.13925
14.9067 8.16358
14.4327 9.06743
3.67031 8.45335
6.4292 3.91071
9.86599 8.0068
3.64816 5.48899
5.77073 8.04262
0.926441 8.77955
11.8818 7.73471
2.39018 2.23001
7.13066 5.9348
4.25123 9.45515
12.832 5.48521
5.41103 2.16153
1.11434 6.37335
0.703447 5.19798
10.685 0.183165
14.1912 8.62087
12.9481 2.77956
15.2088 3.17989
7.71598 7.85869
11.8377 3.72926
11.7968 7.72649
3.92621 5.85533
3.59265 2.78173
9.68193 2.28205
2.28184 4.21306
7.03837 0.482746
4.134 4.81597
5.44366 9.1519
4.61123 6.85555
2.85997 3.13583
6.62259 3.55326
12.2606 9.09373
5.19843 6.19783
0.259573 0.928272
3.95058 6.12784
13.8884 4.04972
10.8958 3.20928
7.78212 5.12528
3.49229 6.67332
6.63354 9.63643
0.519273 5.93351
13.2009 0.242642
7.71892 4.42493
12.174 3.71596
14.8011 0.373647
11.3159 6.28146
8.32631 5.26166
7.27729 5.77663
10.8248 5.95624
1.30513 0.695425
3.72245 6.3489
14.8815 4.86321
10.4777 9.60939
9.5457 4.6744
3.01263 5.89304
5.63361 9.78637
9.45918 5.41025
3.73829 7.75377
0.519702 8.4872
7.33833 6.35168
2.38788 9.8074
3.13226 8.19485
7.7459 8.39868
15.138 3.85996
10.742 0.133623
14.453 7.68385
14.0813 6.33613
0.426018 1.75281
2.63725 5.73373
6.71989 0.29545
10.4652 2.66719
12.4773 0.177368
5.70864 6.92088
2.74141 0.791542
3.48327 2.75515
8.40423 5.82173
14.988 8.28302
13.7417 4.8735
11.7018 3.53559
9.48975 5.43953
6.25113 3.92065
14.2271 4.42403
9.90547 2.91713
15.2703 4.8707
13.9273 1.82653
1.39084 9.81462
6.63769 1.24765
13.8585 1.31691
5.54322 3.30868
0.603279 2.29664
15.7613 1.01012
