12.568 5.94815
13.7893 6.86543
8.96498 8.20304
1.60751 2.93014
14.723 3.41899
15.9691 0.742374
9.62002 0.961079
2.67828 6.35391
4.55014 9.57323
0.184945 6.74768
2.37361 6.97833
12.8574 5.01161
15.757 3.91205
12.3447 3.22877
13.0797 2.03298
3.44 2.17459
10.8463 4.88627
7.08046 3.23052
5.7257 9.02232
12.2082 9.58174
9.35516 4.05163
0.0624291 5.55886
7.40402 7.38454
2.17935 4.72891
6.74256 5.14265
13.0439 4.85681
15.165 9.31283
8.42489 6.8892
15.8041 1.53043
7.62204 7.22891
3.46675 7.62025
13.5052 1.28435
4.97336 9.67354
15.1538 5.19859
1.14626 0.00291563
9.52028 9.18118
5.01428 2.23698
15.5339 0.364146
13.0973 3.64674
3.77494 2.51654
14.1361 5.68615
6.48799 7.33138
13.8932 9.83806
13.3492 6.4887
10.8825 3.64566
0.634617 7.72361
10.3146 6.38243
2.80992 7.65699
4.50665 1.8776
4.3191 9.3981
8.74067 7.04811
