0.281423 7.53215
9.20808 3.49229
10.9202 0.9538
9.25748 2.44019
13.8417 9.77569
4.01587 8.82138
11.9985 5.4497
11.869 0.252038
11.5221 6.19473
0.0247263 8.76495
5.95117 3.30668
2.17998 7.26486
12.3469 4.16645
15.073 1.69246
3.13255 1.31796
3.66144 9.39424
13.5564 0.757045
10.6587 7.25699
8.91266 0.182195
10.3107 7.53815
5.834 3.05491
10.1869 4.61464
15.7085 5.45269
5.19644 3.45673
12.0834 5.61046
1.46014 0.880301
1.67867 5.90611
9.11763 2.03494
4.87678 0.803163
11.043 4.24063
14.2401 1.93003
14.0452 7.14457
7.39813 0.547182
7.95124 5.16061
6.36968 3.35171
12.528 1.62014
13.5307 9.14871
4.51235 2.11279
9.11808 4.78052
5.75227 8.82763
7.31728 4.0186
12.6758 4.51168
7.01883 9.56258
5.58047 2.92841
3.94495 6.6725
10.6207 2.26642
10.6652 2.57365
2.38648 1.00371
9.89421 8.21919
4.57431 0.953058
7.81205 0.307053
2.0722 7.1321
1.22934 7.70887
7.65741 7.32026
6.68882 6.06607
6.96402 0.234118
10.7352 8.03648
4.70838 2.02613
1.95266 3.00918
15.0342 2.89078
15.5749 4.64938
15.4218 2.28135
7.11459 8.25197
10.4443 8.46845
9.12434 0.228559
4.63046 6.79618
13.6651 0.679416
5.05105 2.35657
11.6057 4.78273
10.5559 7.47064
15.0077 1.11752
6.19199 2.37581
13.0232 6.91168
15.4773 3.44927
7.55514 1.22521
11.9515 9.44701
3.26088 0.511206
8.78409 8.81237
14.0169 2.34351
13.4751 9.70675
12.3273 9.66005
7.42393 7.60045
6.82608 1.79252
11.7931 7.43733
2.57375 4.02556
8.10362 8.87619
9.55329 4.41581
13.3502 6.12234
14.1704 8.31777
7.12783 9.37286
14.6026 5.1459
14.6266 6.62613
12.5364 0.489616
7.10725 2.62181
4.87903 9.94501
6.34035 4.15494
0.3863 6.15945
4.70717 1.75517
8.60168 4.46527
10.8344 6.25856
11.3984 1.40843
