3.60337 6.51154
3.07631 0.565675
9.52866 5.84433
15.502 8.2293
11.0961 1.22478
11.2204 9.79462
7.25377 5.63078
15.4063 9.62614
1.72952 4.77167
11.8149 7.35701
5.02484 0.576382
7.33369 0.37974
8.27474 2.12933
11.9363 4.97639
11.9586 5.6281
3.62942 2.58615
7.5829 5.89815
12.0211 1.02944
9.45056 3.29253
3.1406 9.02212
9.26713 0.0666007
5.58587 1.65764
15.4383 9.32004
4.65288 8.77334
1.02401 4.57982
4.1011 0.377445
9.57753 5.50192
15.0545 3.96476
0.257601 2.44245
15.4669 0.945639
1.95109 1.78381
11.2472 8.29931
4.91315 2.68577
8.80301 6.33683
7.92899 2.95635
15.6881 8.54587
6.20348 5.98205
2.73327 7.26264
4.97821 8.41686
14.3903 2.26252
14.4592 3.81933
9.7871 1.1037
6.34249 8.22638
2.68441 1.27924
15.3487 0.490855
0.0585017 0.192105
0.069682 4.25212
12.3154 9.54002
8.20129 0.00830044
6.76754 2.73231
15.0815 9.99343
6.8205 2.77119
11.8908 4.56947
4.42517 0.940054
5.6472 0.267297
10.7227 6.40595
14.0916 5.7139
3.63302 0.119184
5.68944 9.77811
12.6345 5.62479
0.652177 0.420637
10.4283 2.53916
3.26264 2.67599
10.1007 3.67678
15.7776 0.80856
1.29069 7.68813
12.8711 5.60801
14.9644 5.58448
10.3998 3.79448
6.26121 1.77582
9.93691 1.95981
1.94976 8.48456
7.13989 4.32791
12.4812 7.48731
12.6018 9.16027
12.7313 3.46136
0.92687 3.79585
13.7534 6.74772
4.92383 5.93667
9.33944 5.91021
11.608 8.18981
12.1246 5.29135
5.92158 4.26441
9.3999 4.05331
15.9387 6.45568
14.3408 6.78878
0.251676 3.48341
15.7576 8.82626
11.0569 5.21893
15.2298 2.57143
0.143088 6.55298
2.64077 2.22776
11.6553 4.90469
7.91966 6.03481
7.44592 3.75233
13.9504 2.71337
6.79458 5.95111
0.195504 0.429324
3.19212 0.635719
4.19825 2.53074
1.17023 7.35401
