4.26294 2.94298
15.6331 5.57166
8.48873 5.99297
10.2972 5.08569
0.128011 3.36809
11.2346 7.41453
12.7187 0.723085
9.0247 6.83017
15.4406 8.2895
10.7211 7.09718
2.74064 0.502486
10.386 4.37429
3.34233 3.55966
15.1127 0.557736
6.89387 1.66205
2.21764 8.76729
13.217 1.92926
4.55407 1.68318
3.20882 7.9781
1.79427 2.06892
8.92082 8.50521
3.84083 0.997845
5.68545 4.64738
2.18485 0.0672835
9.8825 3.94822
1.30289 5.2663
4.88336 4.97223
10.2574 7.20184
0.504135 7.99588
13.407 6.86665
2.64438 6.81903
2.96038 1.82455
3.88034 1.97536
4.23518 4.35735
3.44611 2.67101
8.24075 8.35485
9.86211 4.99012
10.306 8.97761
8.86637 3.60779
6.57956 3.0415
4.24896 7.59243
14.4159 1.9002
2.8659 6.59557
5.76827 1.34036
4.84894 2.82485
15.2714 3.83081
2.70836 8.305
5.58644 9.18511
5.39248 0.773629
10.9109 5.45864
3.27816 9.44616
6.15789 1.87124
1.91629 5.07984
12.6189 3.05828
9.16319 2.90814
11.7511 2.32836
10.2538 2.65875
14.2201 8.97227
9.39824 7.50381
13.2703 8.40338
3.52018 1.5044
4.0947 5.19337
14.8611 3.61977
5.39741 7.1434
3.14804 5.40479
8.21804 9.42294
2.41731 8.54494
3.34093 5.441
12.4349 9.76736
7.45914 3.70396
3.20239 2.73749
3.84167 0.819173
12.5309 6.91217
15.6983 2.76033
6.34861 0.189196
4.37849 1.02103
4.06165 3.14769
14.7142 9.48461
5.39262 3.58824
12.5212 7.55994
12.3231 8.74523
5.71485 4.87596
10.8391 5.38762
11.1665 6.65507
2.97259 1.56113
6.45828 3.23479
13.4378 5.28307
15.5241 2.61107
5.14242 8.24606
5.89309 9.11053
8.88396 6.57982
5.68179 7.66832
11.7625 2.03923
0.124102 2.35612
7.69442 8.51997
0.95931 7.68876
15.3633 5.35846
10.3456 6.8317
4.23827 9.48488
13.7554 5.21196
9.27616 7.58897
8.89755 3.3315
6.00418 2.32865
1.46172 9.07931
10.1527 3.96844
15.6014 4.12195
4.74095 7.60041
15.2856 8.45518
11.2148 0.0917255
4.07315 5.48524
4.45986 8.3212
2.99083 6.03232
14.5288 8.92985
2.78318 9.40239
5.18956 3.53749
3.59452 3.65453
15.6963 5.63403
13.843 9.23979
14.1215 6.98859
2.20946 1.78041
11.7804 6.52288
5.52086 7.17653
13.8322 6.65299
6.11739 5.67517
13.0278 8.8453
10.0644 9.20324
10.8462 7.08485
14.5394 2.21898
13.3048 3.6488
15.0485 8.81936
0.461686 7.64802
11.4461 0.0744456
1.72652 3.31565
15.2454 4.75653
3.19022 4.79587
14.6367 5.84041
0.991074 4.19657
5.79694 9.5085
6.29637 0.0497412
2.16309 2.51399
7.77526 5.20131
13.4436 0.760796
1.89904 2.67994
0.869621 0.361842
5.90437 0.433507
12.7853 2.7384
15.3153 7.17545
2.96792 9.23332
3.03714 4.77417
13.2349 5.11727
1.80296 0.403365
