7.18917 6.69841
13.8072 6.38192
13.2996 4.99479
11.2646 7.16704
7.67571 3.90318
6.25837 7.83598
8.15853 7.86956
14.073 2.81753
15.904 1.37526
4.19326 9.24681
3.33266 4.6745
11.8115 7.3038
11.0757 1.87563
15.9631 8.82076
13.7608 6.63562
15.7206 2.02947
0.778533 4.13046
8.90454 7.76454
7.90255 7.33007
9.34063 7.39337
0.399099 3.67102
11.881 2.96425
1.80122 1.34972
13.8296 9.18095
2.34764 7.85535
2.39883 8.2163
0.81046 4.33235
1.5757 8.15239
0.0685983 9.89373
6.83396 6.67856
7.41319 2.31934
6.85078 9.48447
12.3538 2.99558
6.18213 6.07987
13.564 4.62546
8.79109 1.88945
10.3078 6.52554
10.6785 2.5933
1.48044 3.65976
11.8849 3.08645
13.6331 7.40702
13.0932 4.4117
4.15686 0.429987
11.017 7.37218
5.64411 1.44723
1.56799 5.54233
0.109792 8.24489
10.6005 1.85158
2.60267 7.42868
3.71161 5.94524
7.92623 2.66864
1.61152 5.28194
5.4008 9.12408
6.60048 0.778328
1.40233 2.27594
15.4446 1.64662
1.28176 1.66878
8.22602 0.415468
14.3036 8.3826
12.4579 2.40986
11.7941 7.29306
8.36979 1.11832
4.72673 3.41935
13.7779 5.6709
3.16162 3.44024
7.19788 7.12735
4.88415 4.93346
4.09633 0.219168
11.8257 6.63293
2.1912 9.85839
5.03518 4.04102
5.09741 8.40077
10.1122 4.77301
13.1452 0.0269901
4.82823 4.79593
13.0993 9.80136
2.32776 3.0528
3.03642 5.0504
6.60488 9.88868
1.70389 4.67416
1.33841 7.91424
11.8981 8.48949
2.71965 3.17228
3.03403 2.41686
5.84206 6.60741
9.8451 8.87304
15.2472 5.87483
3.82114 1.55116
10.6084 0.0305883
2.59955 7.86003
1.90106 6.98915
4.92969 5.16229
9.10691 4.51626
1.41742 1.17704
8.03038 5.25592
14.3689 8.21609
14.5186 4.50888
8.06412 3.05555
11.6545 9.06982
13.1529 4.35256
13.1775 1.89785
