0.860091 6.81769
12.806 7.76333
4.89306 2.39535
4.91254 5.16179
8.02199 5.45932
7.96956 2.45586
4.04366 1.88696
14.2156 6.39642
10.5048 9.33998
9.53012 2.95256
7.08158 1.40459
11.1411 0.355588
14.478 3.81282
5.57871 3.35889
10.5006 8.81201
5.95908 1.33854
1.65482 2.20546
8.12776 6.47872
1.85237 4.92493
0.450347 0.444032
12.2206 0.351826
0.324609 9.25791
0.835952 9.36699
14.4625 0.59045
0.433383 1.29753
7.65201 3.91033
12.396 3.56183
9.37451 7.98883
6.87594 9.1291
11.4107 0.481257
1.31342 0.912672
8.3669 5.85522
9.31748 1.3281
15.134 4.81268
5.17844 8.89968
11.5245 2.94841
9.47189 4.81713
12.2438 0.0582962
13.383 5.43663
3.62066 2.31664
13.9962 4.61074
3.7939 7.443
12.0577 5.09041
6.61095 9.96143
12.3224 0.948074
1.62879 9.27962
13.533 7.84608
0.686821 2.55734
8.24628 2.5084
11.9483 9.60068
12.7673 4.42459
9.1644 2.88164
6.90315 0.833417
0.511452 8.75379
0.229776 7.21561
7.37621 7.61429
12.6461 9.93576
1.96233 9.63247
14.3248 5.13913
12.8527 5.64662
1.48595 8.8288
15.3283 3.91718
2.77427 1.63499
15.6811 0.794848
10.1246 1.08778
3.43757 9.58887
2.0347 4.28286
14.9699 1.33878
2.25597 4.50158
6.29877 9.21212
1.67099 8.65123
2.93816 4.11712
11.4375 4.39507
13.0873 1.50998
0.0845812 8.58701
15.7146 1.88461
14.7754 0.830834
15.9005 8.80197
8.63814 3.21785
3.05017 7.28611
1.30313 5.63462
0.586468 1.50139
4.25595 8.89202
6.47488 8.19834
2.68664 4.57578
4.88586 9.26722
3.76718 9.9773
15.3668 6.25779
0.411619 5.77895
15.7012 1.55451
14.5609 8.94364
13.4069 4.48272
12.9418 7.69973
13.7453 0.725084
1.14093 3.21556
15.7749 5.44077
5.51608 3.4783
1.9763 0.947733
9.05636 2.91295
0.759592 7.75183
1.52882 2.92548
14.2287 4.29527
8.19873 0.477149
1.28235 3.46929
5.80561 9.32166
2.54311 0.828225
12.4746 5.12247
4.35074 2.92386
6.56314 5.72952
1.98206 5.18099
2.99783 8.27148
15.6615 4.04475
11.0493 0.0733188
4.06302 6.13092
0.409083 5.7409
15.7653 6.78686
6.10856 8.22556
14.5093 3.40012
13.8306 4.97848
6.102 3.06037
15.0173 4.34278
2.77837 4.47409
11.5847 9.53102
14.8259 0.688013
6.03408 2.42233
10.8048 7.16946
9.60942 7.19641
13.8325 5.1652
11.7409 0.997343
8.86882 8.59688
2.48858 4.54852
7.59725 8.10572
8.92982 1.69357
5.34468 6.22684
8.66434 8.26318
10.6698 5.61923
15.5948 6.00298
0.762069 3.16027
2.33676 8.48029
3.11016 2.38679
15.4628 6.52258
1.43629 2.88213
5.25997 6.66199
0.169731 0.159056
1.11452 7.8319
2.14991 6.14908
3.52653 5.89815
11.4254 5.10755
13.3466 5.45155
5.73975 9.39217
1.57858 7.6095
