4.89422 8.42391
6.57936 1.61913
0.476041 3.34275
7.84105 6.0086
5.92936 3.23438
5.35925 6.13506
4.86039 3.08215
11.1097 7.5986
3.23469 4.2674
13.9877 1.7006
7.12068 7.89541
5.37077 1.17727
9.29113 8.74077
3.32115 5.82177
12.8173 5.92123
5.8784 5.80389
12.7103 2.75275
4.02563 9.09416
6.79821 4.8476
14.6841 7.19871
7.18408 3.63876
5.37807 4.84598
13.1023 1.53277
7.27286 5.73739
9.22296 6.43864
11.6251 6.56859
6.01926 0.207838
13.1495 0.36823
3.47099 6.40201
8.35792 6.51148
2.36189 8.96928
10.054 8.7526
11.0647 6.41678
5.28095 8.30301
5.92368 4.763
11.605 8.20134
11.4356 5.49571
14.1738 9.01709
2.28199 6.17072
0.820161 8.58117
11.4363 8.21397
7.30993 7.78554
12.0561 8.01957
11.909 5.20611
13.2249 7.09244
13.0912 1.45284
3.92849 7.44448
7.85386 7.40523
2.46397 2.5361
12.5035 3.21127
4.26634 1.16128
