2.02321 0.575531
7.36981 9.94741
11.3958 2.95256
11.2531 1.67342
0.951933 0.793929
9.026 1.61113
11.6165 3.24309
6.5329 9.44464
8.86232 4.17577
9.95939 1.30854
14.0742 4.65662
8.13377 0.759808
10.7804 5.97622
5.59848 8.81865
6.33974 5.09933
2.14739 1.88625
12.7657 3.80377
0.516981 0.0443179
4.49635 4.18679
12.7451 1.0977
14.426 4.3036
5.40131 7.88522
2.77401 7.59557
0.0810924 6.34562
2.649 3.09272
8.84082 8.05612
1.23603 7.7734
6.34788 0.599317
14.5731 0.599512
1.44452 5.12831
6.81777 8.70866
8.00233 4.65866
14.6847 3.82858
4.49019 8.01133
11.2413 8.63506
1.34356 0.259555
7.34326 2.30951
9.09541 9.4127
12.2483 0.466398
1.87948 3.28848
2.44588 7.83979
9.2571 8.09424
10.9644 1.20257
5.35235 6.35041
11.9233 6.18011
2.12506 1.23702
13.3464 7.75474
2.28757 4.2587
14.7787 2.92563
0.496458 4.41944
12.0082 8.97008
