5.13095 9.09468
14.4828 4.11796
2.02182 1.80527
0.467126 4.66998
9.20003 5.60316
3.73411 7.80721
15.7613 7.83536
15.1974 2.80214
2.00806 3.83831
4.40223 6.39771
14.2714 0.224273
4.81406 8.46919
9.20407 2.24254
12.3655 0.724822
11.4958 0.0195612
3.69641 3.03291
8.64174 8.87235
8.02528 3.12451
13.2251 1.94385
10.4816 3.97211
1.43167 3.44877
6.67183 8.08003
2.48875 4.64881
8.38033 6.13085
13.608 2.19768
5.8398 8.64488
13.2208 9.71559
2.60036 9.68739
2.10868 0.783451
11.3344 8.6331
10.6313 2.09444
10.5114 9.17
14.2934 0.508511
2.94095 5.62528
1.7954 4.68079
12.1701 0.845558
0.869778 3.3474
15.1965 9.08117
11.9148 0.485259
6.56328 0.491011
7.33636 4.85571
9.17601 1.53645
7.65179 2.70181
12.5335 4.81813
6.95232 6.33602
7.95882 0.00571887
9.22645 3.53055
13.1348 1.18672
3.73581 4.17452
2.02917 3.2167
0.524958 4.25939
