13.2804 5.98089
14.4551 0.15946
1.72801 0.989553
4.50615 9.41842
15.3349 2.10911
13.1558 5.11216
15.4474 1.0031
1.52282 0.498571
12.6268 7.50043
1.42696 7.08031
2.17496 4.98865
14.4486 4.69257
2.3116 1.82599
6.07515 8.01419
14.4191 3.70587
0.432222 8.97671
7.55807 5.98337
12.9056 4.63014
3.62895 1.04096
9.90309 4.13083
0.512791 7.37158
15.6309 4.62621
14.5689 7.52652
15.2545 3.50491
15.5026 9.7025
2.63818 3.58336
13.216 2.71232
1.97951 3.52513
10.9701 2.32311
6.42399 0.171412
11.2177 2.6604
9.83557 0.519107
9.67666 8.94675
11.7952 9.96289
10.5435 4.95022
10.8899 0.445183
4.74558 6.12048
12.3114 5.17961
8.24723 3.81734
7.92784 0.863578
5.793 0.649915
1.67099 0.0119059
10.4345 1.99366
14.4821 9.15916
1.75146 8.96324
0.411258 4.52979
14.4522 8.43188
9.74558 4.20131
7.51478 3.95563
7.9826 7.79282
3.21515 1.09278
8.19724 7.23598
13.3416 8.78054
4.85317 4.40471
12.4791 3.24271
15.5938 7.85774
1.22297 6.48092
5.83823 1.01539
6.32696 8.42208
2.72286 2.23977
15.0989 0.254136
2.97073 8.45015
1.9066 1.55847
13.5803 5.11583
0.967601 6.72759
3.38991 9.40615
12.1286 4.41788
8.97612 8.22649
5.98207 1.21037
12.0193 0.135275
2.31582 2.25685
11.8894 1.61537
0.557789 0.747722
5.96134 6.62461
6.0814 7.50458
14.4213 1.49371
0.38677 5.06309
8.7349 3.13361
6.33907 6.69229
15.9181 0.272385
0.53632 7.37568
14.4962 2.01672
1.60536 9.57845
10.904 7.56076
5.95247 6.21379
6.55804 9.69476
4.6017 5.63777
15.2119 6.0734
13.4192 4.24535
5.29035 5.71497
6.44602 7.11646
12.0421 9.99267
14.7398 1.7228
9.98744 6.76841
4.86414 2.22079
14.3449 6.55933
13.043 8.97249
5.47411 4.19184
15.8301 4.01441
8.47113 5.18913
4.62272 6.18039
3.85947 0.515516
9.55218 1.56991
6.27923 1.79733
3.28683 7.51805
3.75943 7.30194
3.9596 2.03358
7.10081 3.47429
3.42153 5.94732
14.7697 7.25151
13.8309 8.68881
9.8688 3.59061
1.09195 2.47397
14.4417 8.09712
6.17191 0.213466
10.2036 2.84376
5.97913 4.61562
13.585 7.81889
12.6624 4.89072
1.71392 2.04111
14.9212 9.85686
2.88267 0.812554
7.28679 3.01104
7.61862 6.75277
7.38826 2.27559
1.86161 0.669777
5.43826 6.98694
9.04996 1.49475
11.4696 4.22335
11.6845 4.31261
13.7677 5.71685
0.294921 5.73574
4.32135 9.10152
4.87743 4.04986
13.7943 2.96667
6.04665 2.68682
9.60401 2.42655
7.68896 8.18302
10.2784 5.24415
3.11407 3.56428
11.1086 4.18763
3.81799 2.07058
2.89076 2.91026
2.85643 2.51343
0.121208 5.33229
14.9785 2.92
2.40493 0.713532
10.7757 4.98298
12.2999 1.1149
0.223978 1.79067
7.48087 9.95999
