0.404679 2.82814
12.0972 4.20674
11.8983 1.25982
15.1621 9.41329
15.9437 8.28232
14.4143 5.36061
10.8161 9.27155
12.6839 3.67786
3.93018 1.10034
8.44227 5.14487
2.28464 4.46949
12.1966 8.3217
6.20532 3.72386
10.1043 2.70627
15.4533 9.11137
9.94266 9.76029
15.6012 8.10838
0.571748 3.2388
5.56528 9.67253
2.78756 4.6511
9.3752 4.12685
8.95729 4.26117
6.92355 8.892
4.57151 8.9276
6.4652 6.49399
11.5884 8.61474
4.2545 7.2834
12.9424 7.34506
9.99251 8.97155
15.6344 4.83142
1.42613 2.63518
15.7842 2.77724
7.29384 7.59145
4.19887 8.51204
12.5028 0.463657
6.41544 7.41238
11.7649 0.696264
14.899 0.290844
11.5025 9.80104
15.7599 6.96431
8.95421 2.06304
11.21 2.0354
9.06557 9.63743
4.31308 6.08461
11.4618 5.3437
8.32937 7.78832
11.1513 0.694589
1.58963 2.96757
0.293362 9.30239
14.9176 5.09715
6.523 3.96718
