5.74402 8.41569
8.33754 1.68516
8.47988 8.42985
12.1658 2.83494
12.0422 1.49598
12.2483 7.00335
15.0727 1.44416
15.5207 0.172262
2.17056 6.05854
11.1845 3.40146
12.8256 8.595
13.0235 0.761508
9.88524 2.56873
0.204666 0.522667
11.8378 6.51263
7.84007 7.65592
7.7633 5.67364
3.61858 7.72769
15.385 2.28482
8.60859 8.38093
11.6368 8.61139
11.8203 8.16924
7.71488 9.20272
0.769791 6.31466
9.05759 0.926469
1.42307 2.76732
2.94047 5.60514
5.6007 9.1755
11.3439 9.1227
4.50503 9.45321
2.52533 3.13121
8.27743 4.79146
8.39348 6.7361
1.00166 1.68509
1.43327 3.79032
1.69413 9.19327
14.0134 3.10299
3.92421 5.83108
0.714433 6.31318
7.11512 6.37513
14.3812 0.475558
1.8408 7.27045
8.55717 1.99563
13.3705 0.568876
15.9324 1.67293
5.89174 7.95529
3.61739 7.19531
2.23339 1.5501
1.58202 0.70626
12.9637 9.59443
7.53237 5.35975
