0.620964 1.96129
13.568 7.10154
3.4027 5.60928
2.7639 1.226
7.9117 3.02457
5.89584 2.76917
7.17119 0.698447
8.18312 0.0840396
1.22011 4.88865
0.821114 9.4364
12.9691 4.05706
12.6769 1.78194
15.9823 0.399853
14.4808 2.37792
5.72822 6.25084
9.89157 3.37877
11.6816 6.70294
5.67019 6.14895
13.0332 2.24869
14.5864 9.04054
11.3322 1.41524
14.8691 7.2266
9.73113 8.57171
13.9435 4.40997
13.3618 8.56945
5.56782 2.00952
14.0605 8.34608
15.8528 4.45287
15.2128 8.89664
11.495 7.96343
14.0779 2.48948
11.4273 0.725198
5.47323 4.52195
12.1279 0.452728
4.67771 7.58408
13.5477 7.55536
10.9284 7.26371
8.77672 8.3224
13.6386 2.03666
5.38189 9.6521
15.2132 9.01102
1.71537 2.0196
7.68978 2.84173
3.06772 6.54195
15.3814 5.83575
13.2431 4.54805
15.9504 3.43071
9.36655 9.8011
15.3727 6.85635
15.7409 5.72329
15.3145 0.448599
14.1069 3.06209
6.88825 9.97591
0.408506 3.45476
1.09271 4.71797
15.233 2.5446
10.3197 8.11662
1.4018 8.18446
9.72582 9.68154
13.0834 3.89145
5.12426 7.91974
10.1338 1.38424
10.1206 8.87988
1.05441 7.62761
2.89254 4.63208
7.60487 9.40009
7.84793 5.00732
9.05783 0.489082
8.86763 7.57622
6.74065 3.44803
5.1625 2.03804
9.72163 5.37609
15.1158 7.44904
5.57414 7.28748
7.19987 2.68171
6.99624 3.21274
2.48053 3.09506
2.80073 9.56345
6.17248 3.35125
10.0306 9.01483
10.5363 3.76766
0.428212 6.39204
8.56405 6.27849
7.55402 5.41611
13.3403 5.36852
7.67767 5.25151
9.24433 9.35536
10.3166 6.80677
2.10794 7.80824
11.7196 9.54689
4.95117 8.4093
13.5553 3.43683
9.8433 1.64861
7.0102 0.279108
13.1108 7.47589
5.32564 9.09848
6.21494 4.62615
5.44582 5.24305
7.7516 3.06987
11.8303 3.44271
11.701 1.46629
3.23647 7.86993
1.68787 0.657794
1.80983 9.8286
7.45234 3.05124
11.2576 4.68002
0.723689 1.90803
1.90305 4.93175
9.70046 7.85952
8.74005 1.14015
8.11464 5.37326
15.2368 2.11651
10.2108 4.63919
5.36888 6.60416
2.17642 6.7
7.03368 6.98272
11.9416 8.55119
11.2286 4.36948
6.44254 1.28334
3.78582 0.604073
14.5994 0.569332
13.9567 0.862332
15.1922 5.24202
15.5626 3.53721
7.70532 5.62963
0.101328 6.25221
6.36242 8.07908
2.03713 9.61565
9.47095 6.68538
1.26162 5.76824
14.9693 6.79592
5.27043 3.65182
0.139325 4.82165
6.57034 0.222571
2.12983 7.80556
11.0249 5.72884
14.6195 9.86807
5.65045 4.30386
6.45863 0.0899335
5.33671 3.03133
2.56437 5.98196
13.0332 7.84876
15.3349 9.28397
0.72982 5.46649
2.65877 8.76226
2.48904 5.17775
4.45709 4.99476
13.9795 0.550081
7.36466 2.46075
0.247057 1.9555
11.908 8.12799
