10.7963 2.91938
9.97384 6.03058
4.66196 4.87767
7.09222 4.32924
4.127 1.99489
1.4486 0.607917
10.4571 4.24391
10.4798 5.41022
15.2074 9.64221
3.12475 4.67824
15.4194 5.91032
7.58829 3.09488
11.2256 9.09365
5.37858 9.23973
0.231127 3.47659
15.7195 6.60601
10.9082 0.230558
1.03482 6.89929
14.6791 9.93594
8.49044 2.94818
8.25928 6.14808
11.7817 4.35881
0.136876 2.56392
8.19362 7.02908
5.62351 1.72212
4.11962 8.95239
4.56161 2.44927
7.27857 2.1945
6.2267 7.14049
13.5585 9.6769
2.45404 6.69786
6.28317 8.33532
10.6957 4.25276
14.5425 8.39868
8.2519 6.46466
2.63715 7.57849
11.0826 9.68348
6.63206 7.91546
0.887641 3.53077
4.29204 9.34754
13.168 4.04386
10.373 0.30686
15.5923 8.06437
3.49949 8.42496
4.5818 2.15513
14.4361 1.19585
10.8073 7.98745
14.7069 1.23416
11.9237 0.370297
11.3249 2.6853
12.6808 8.00167
5.54553 8.55254
9.58725 5.6964
1.24126 4.3173
14.5617 5.07549
5.01924 6.1053
11.0361 5.89634
13.3518 2.27498
4.93217 8.06733
5.8023 0.643952
13.0032 4.47478
15.1009 4.39845
15.7993 4.58874
13.306 2.00145
10.5436 2.03675
11.3371 1.26347
13.2895 3.21459
12.9171 5.97192
8.37885 0.447752
2.13151 4.05856
4.82552 2.42761
5.7911 6.7971
4.5614 3.13136
4.30551 8.06388
5.15287 6.86746
8.67703 4.51825
7.88856 3.18975
7.30463 0.210451
2.67601 3.3109
6.66514 7.21329
1.47644 7.94115
7.70811 3.87466
14.3341 3.44763
10.2235 3.81481
5.77022 3.30485
4.14796 8.1648
3.20666 2.78122
1.38383 0.818671
4.85051 0.254029
10.5126 6.19604
1.42243 1.47371
8.48041 2.0646
6.24574 9.07326
3.09905 2.2872
1.33781 7.04824
1.93192 0.341364
12.2702 1.06896
9.60462 4.68468
14.6028 7.86289
1.55378 4.22474
13.1252 4.81394
