15.0041 1.21852
10.8764 9.49593
3.74508 1.43808
0.817801 1.50121
13.8091 8.5976
1.84398 6.43624
4.03916 1.4393
5.51007 1.66393
7.5347 4.26709
3.0019 7.53191
13.3024 2.05514
3.6846 0.0735749
6.06185 1.00822
14.1907 5.55473
7.62644 2.65577
8.29898 9.43312
13.6618 5.90694
15.5593 4.29014
15.2676 9.1448
1.58326 0.473309
13.9342 5.57537
6.13014 6.2229
13.3949 2.18547
1.37417 4.492
8.72362 5.72402
8.96976 6.85397
10.0127 2.27206
15.5066 7.21341
15.244 2.39877
8.36474 5.14098
3.17928 1.8111
12.0028 2.47768
14.9267 2.6899
5.12229 9.23946
9.80813 7.91483
9.19731 8.34913
3.01586 3.47275
13.2052 4.10255
6.41763 5.60504
1.32802 8.9405
0.378257 2.93489
2.98543 5.28028
6.33582 5.95576
11.5377 9.22865
4.04383 9.92876
14.2966 2.77611
6.95996 1.52913
13.7595 9.64934
7.01131 3.4584
10.7136 7.59047
13.6292 3.71287
9.92544 5.5783
2.21811 7.46915
12.3975 9.91021
11.725 9.55194
9.54257 9.7644
14.7585 8.47651
15.7587 0.259042
1.64659 9.04267
8.62417 0.727585
6.97041 2.36517
0.577865 2.50381
12.7662 0.231483
0.0641787 0.738439
13.2909 5.46512
9.708 3.21916
4.10263 3.78757
11.9317 6.83902
1.25532 0.101408
7.70183 7.56229
13.6089 9.72038
4.43057 0.951874
8.39187 8.30844
9.08478 9.13882
1.40293 7.52904
5.41218 8.90452
14.9563 9.10477
9.60698 2.52797
3.31402 1.50667
8.14022 3.69639
13.7376 1.31481
2.13565 0.635368
10.4437 0.449935
7.44954 9.45869
10.4233 5.72697
8.79953 5.98589
14.7249 0.880392
7.81135 7.03089
10.3072 0.379783
2.51458 3.3344
4.7412 7.75302
11.8699 2.2466
12.422 4.21002
3.64471 9.65271
15.8356 1.34396
4.84493 0.23099
12.7497 9.34655
10.1792 5.81835
6.47078 3.21379
0.611071 8.23872
15.9629 2.06115
