12.6191 4.29292
13.9467 5.34302
12.7409 1.3906
4.93861 0.823621
3.82865 2.10225
7.54211 9.06656
6.38053 1.50251
3.9039 2.33937
15.3197 7.5168
1.14545 6.35341
1.87714 7.99227
13.3959 5.46794
2.52493 3.79458
8.13387 0.882108
8.49911 9.0468
12.0695 7.97839
3.07741 4.18927
3.53782 7.70407
5.26295 1.69298
0.720382 2.7577
5.27517 7.06704
11.3183 7.67216
2.72758 8.40994
13.0317 8.44166
14.6883 9.97644
15.2777 6.42544
12.8064 1.5165
6.17679 7.88151
10.5008 9.85665
2.45692 1.73389
3.39832 5.11722
10.0868 1.8859
8.58836 5.09013
15.8768 9.99204
4.38711 7.84484
4.19316 0.529156
8.14933 8.98855
9.94629 0.78818
1.92891 2.43442
14.0427 8.46659
11.4358 3.24697
5.12302 8.42117
1.7218 7.46364
6.25121 3.12777
0.801789 2.67065
2.39156 0.299397
7.56884 1.3066
0.307333 9.47888
12.0377 8.59356
14.0575 2.63776
11.5934 7.66167
