4.07448 8.33445
12.1207 2.40193
7.45166 3.60725
4.26253 8.86626
15.7145 5.06185
3.05947 6.93037
13.911 5.51321
15.7715 4.59319
1.57953 2.09835
0.792047 6.50625
12.738 5.42303
3.74527 4.0697
1.97218 3.843
3.56103 3.49931
12.9247 3.91758
2.87651 5.81639
2.21629 1.34392
3.57988 6.76116
7.51175 3.58437
15.8435 8.48633
6.82696 3.38789
15.1147 3.20051
6.40953 2.39136
14.4116 4.06201
9.93644 9.79106
12.7564 5.90937
6.42581 5.2506
9.33726 2.55538
2.74758 4.64482
6.73927 4.62486
10.7298 3.29804
6.95102 7.14914
3.81521 5.03633
2.65994 5.84078
8.60134 0.346702
14.1608 3.26649
1.73011 0.411383
5.57935 1.72499
0.996519 5.20823
9.56528 8.27626
0.715477 5.49665
14.263 7.66956
1.86951 4.2478
9.57053 5.9513
2.33844 5.7789
9.35698 6.52697
5.44275 9.63816
5.00542 0.759186
13.3068 1.61769
9.20004 1.17819
1.84038 8.88678
14.0774 4.03414
1.97306 6.62529
5.96309 3.02384
9.39139 4.93712
7.97101 5.23929
11.5526 9.59795
10.4513 9.78158
12.3233 8.23461
3.02352 6.43768
9.97748 7.8975
0.10995 5.66384
12.4497 8.2071
0.217227 7.03226
3.08099 7.10582
8.89533 1.21727
9.10911 9.22149
2.19884 4.66672
11.7162 0.876275
6.08683 1.9567
12.9037 2.38619
14.2684 0.0463003
3.51115 8.11242
14.3488 9.55491
15.7608 1.9024
15.2277 4.1761
5.7194 4.65296
3.51057 8.79919
0.430991 3.86615
4.55889 9.95795
1.70334 9.81811
9.02292 2.20118
10.6301 0.401065
3.97692 1.83934
0.0107771 6.15445
11.12 1.73383
4.45772 1.95985
1.89249 1.89852
2.834 1.48974
8.36604 2.92066
12.9423 9.82293
14.8878 6.96462
4.59243 5.27726
2.89825 5.07663
6.80293 0.269131
9.6692 2.61449
8.08492 8.09068
5.64579 1.32978
1.32329 3.63201
9.18676 5.2822
3.7093 4.26172
9.68684 4.30745
6.46969 8.21967
13.4842 5.58263
10.1917 5.98239
14.4959 7.49161
13.9058 3.16895
1.30374 9.70278
3.50182 0.654731
2.13736 8.48508
10.208 9.34612
14.309 7.87404
12.602 3.95881
12.5716 3.74167
14.3216 1.83509
9.15586 5.73241
13.7605 6.13914
1.93518 3.94987
11.1622 4.66148
12.6365 9.71516
12.3932 2.42634
8.85016 7.32011
3.90945 8.70369
15.1788 8.25802
9.58859 6.91912
9.27052 1.68771
7.13521 7.37499
13.7379 5.16803
12.8574 3.65114
8.64845 5.8867
12.1292 7.08621
3.35702 2.69346
11.9052 2.50594
8.60728 4.73895
8.68137 0.325178
8.8938 7.95318
3.54718 4.19424
9.52004 7.81957
9.89437 1.63329
13.7498 8.65752
4.59787 3.24919
9.48486 0.892089
1.40005 7.77149
10.5772 5.50569
2.38483 1.38764
10.0288 9.85093
4.45959 1.69249
7.93369 8.41379
14.5081 2.8132
11.0966 4.50845
3.43756 9.82389
