9.63971 1.5503
7.69982 6.58548
1.11765 5.6437
13.7886 4.81818
13.9921 1.82093
5.55161 9.39543
5.40496 1.19191
14.2694 8.21989
10.4361 9.12293
12.293 1.54727
11.324 1.72498
9.65404 6.49511
3.41743 9.29967
10.557 6.18712
6.21208 6.17775
12.1883 7.69285
2.09419 6.87112
5.74291 4.2714
2.97558 8.85965
3.99352 8.4734
4.93939 4.95498
15.0338 5.34379
2.74987 9.2246
9.13991 1.53282
13.1967 0.988774
8.41645 5.21145
4.50026 2.08111
1.73465 3.62654
8.27841 0.15373
7.0539 6.83885
13.3312 8.09625
4.02394 9.50885
12.805 1.47084
4.616 8.84631
8.65583 6.39035
15.5479 8.18272
2.79501 1.70209
14.533 2.4644
15.9672 3.40733
7.1967 9.66014
3.42097 2.95435
14.2809 6.90669
13.8575 1.25203
12.5834 0.409483
13.0633 9.95248
12.1173 6.40757
7.02369 9.97859
10.008 1.5849
2.49539 3.56572
13.9864 5.90594
0.596902 1.5309
