4.04111 9.16257
8.04859 4.84849
13.1016 7.21682
6.39044 2.68711
6.34341 2.80801
0.774166 6.51194
0.609996 2.37945
9.88561 8.10934
3.03851 5.18329
4.21661 1.60049
0.130672 2.48608
3.55354 3.99062
10.1456 6.54099
9.56542 4.45946
9.0642 4.54844
14.7806 8.80287
15.3328 4.82269
15.3525 2.71729
10.3866 1.39348
14.9099 8.47228
4.53983 7.27463
11.2303 5.9313
14.4673 6.59363
7.40499 4.3516
12.9585 3.26093
3.99179 9.91982
3.68844 8.01472
5.71727 6.13099
14.8146 5.15987
15.7744 5.96065
11.1066 7.90459
14.8049 8.1228
14.8033 1.15222
1.52138 5.08186
15.1539 7.73323
11.9767 1.4261
7.72031 1.73183
3.95808 4.8153
0.634117 1.92567
15.5025 0.300273
13.5542 0.698871
11.1403 6.05571
5.03078 5.94857
10.1486 0.530546
1.19752 6.636
2.69855 4.55855
9.04679 1.42461
2.99697 0.737511
12.7538 2.46021
5.2325 9.96343
2.58836 3.2148
