12.7473 6.76847
4.06456 2.03218
9.82678 2.99266
12.8561 9.23251
1.13127 6.9739
5.57969 2.90049
3.78001 0.343013
11.964 2.66933
5.73999 5.02729
12.2575 7.89701
2.15819 1.03693
8.07853 1.16513
7.14 5.82863
1.12118 4.51942
6.46019 1.28808
13.5308 8.45726
2.90836 7.39331
10.3421 4.03072
5.12504 5.47011
10.7213 4.76752
4.73393 9.82221
11.263 4.51513
13.7921 0.936496
1.73881 1.69035
8.79163 5.40103
12.6895 8.34607
2.58927 9.37446
12.5233 3.01802
5.6773 7.18678
6.68803 6.86143
14.0916 8.39546
7.34071 7.60204
14.7797 1.8647
14.312 7.24343
14.4853 0.158572
14.6073 9.11813
6.35596 9.12903
3.05863 9.44124
14.5724 8.74258
11.4492 3.64406
3.10283 8.7322
1.09898 8.72513
13.7709 9.83897
7.99717 3.58168
15.7472 2.34782
7.5822 5.43145
15.0224 8.36997
4.85897 0.364005
7.16801 8.77515
8.88114 9.80381
3.68693 4.19308
