5.53993 9.53075
4.48783 2.88176
13.6152 2.65767
10.1685 7.60341
12.0047 8.61477
3.81739 9.63514
5.56738 6.47935
9.04124 7.75999
7.86917 5.43509
13.7314 7.40337
11.2377 2.1431
15.7413 0.298087
4.64836 6.22866
5.77381 1.21143
9.9684 8.23643
5.02551 7.98785
10.2674 5.40152
8.79373 9.68661
3.67209 6.88882
9.46966 5.56191
6.89816 0.131534
13.7529 2.98621
1.34623 2.1671
9.79298 9.46492
7.32187 3.52685
10.8479 8.84398
3.45479 9.67337
13.8769 5.43119
7.46632 6.23521
5.22631 8.24386
4.28482 4.72172
9.88544 1.57114
14.0244 1.09108
14.6111 6.83309
15.455 7.49732
6.0035 6.7077
14.379 5.50295
15.0343 3.07938
6.21536 3.06832
3.0917 7.72811
7.50283 3.12924
8.53825 9.66601
1.32177 1.81739
14.4978 1.57831
10.8912 2.47394
15.5551 5.04119
2.9169 9.07163
4.91295 8.76641
0.672722 8.68925
1.32914 3.18875
9.70543 6.03364
12.1089 8.65665
9.43305 7.99043
1.41265 2.309
8.34146 9.8168
6.08714 2.73318
8.9043 3.48379
6.1808 3.33163
1.26862 6.98501
2.01155 8.85446
5.19144 4.26311
9.57559 9.31287
9.5529 7.55314
3.76264 8.47678
8.62774 7.5865
10.9596 4.68808
13.7153 3.57224
8.86016 5.93245
5.95185 0.393225
5.93485 9.16205
13.0313 0.14501
4.80116 9.70814
15.6688 9.04218
9.64399 9.21064
12.3882 4.82099
11.8448 0.492478
2.30867 8.20496
14.4241 3.84943
3.01552 7.21213
14.9297 0.373741
8.98517 2.16298
15.1549 9.60416
12.5891 4.64466
15.647 1.24382
8.04922 7.55663
10.6624 1.88604
6.00316 6.32151
6.10381 5.42578
10.0724 9.27543
8.39866 0.83559
9.84872 0.0715625
10.7939 0.10305
10.7301 2.38091
8.07691 1.57133
4.71076 5.18339
12.8174 8.71728
10.6062 7.61339
14.5806 4.96072
13.4451 8.61462
9.31046 1.0675
10.1456 6.0369
11.6994 9.49049
7.43689 8.37652
12.5655 0.180281
8.47464 3.66501
6.17634 4.94678
0.155195 9.30011
3.23813 2.1538
13.192 9.02969
1.3673 5.71478
14.6759 6.38808
0.51685 3.23577
2.78269 9.92133
6.40323 2.22277
12.9638 5.31604
13.3637 8.82071
1.50183 5.99068
11.0119 7.77377
8.9142 4.16
14.38 3.00569
6.99528 0.41146
1.2823 4.5333
14.6968 0.0624862
10.671 4.8965
2.2159 4.15032
1.26513 7.08206
0.341395 8.43344
13.6636 2.78349
2.45582 6.16073
13.341 1.05734
15.8434 2.29827
7.66087 6.69972
12.2952 3.83142
1.72901 4.45853
7.06276 2.53026
5.65245 0.893709
8.57713 7.55122
6.51968 1.90806
5.75142 7.81937
1.76459 7.35251
4.43762 2.49224
15.3406 7.00719
7.14466 0.967741
10.6185 2.61565
13.3925 3.27152
5.75409 7.63466
0.746108 6.68359
7.15101 8.33776
4.25173 3.61052
13.1006 1.05153
0.48306 4.54254
