8.08179 2.65286
4.93734 6.01694
12.7136 3.00488
15.6284 0.260258
2.47791 2.37768
9.27426 6.86508
12.324 9.11418
1.36814 4.46355
9.82844 9.11982
14.5934 6.38474
6.09764 8.00678
0.823518 1.99432
15.387 1.34016
14.2201 5.89392
13.7484 9.67287
14.2003 4.08614
9.73142 7.40399
6.84852 1.4378
4.30931 0.322719
3.6019 9.90856
13.6331 3.58452
6.34448 5.5093
4.05543 8.97904
2.48474 6.22645
13.3823 5.6919
5.20054 8.95485
15.7386 4.00893
8.44827 2.95267
14.0299 4.82166
15.605 6.20422
8.38373 4.96351
9.12923 3.62392
9.64925 8.8039
12.8963 9.97525
10.0267 2.16064
10.9227 4.9945
7.65814 4.50542
12.0262 6.30276
5.29965 4.4722
5.5665 7.40179
11.3843 9.68057
4.10269 1.4264
2.14715 4.75524
8.87069 5.57995
14.1262 1.45777
14.9245 7.31484
7.65347 2.1047
3.19085 1.17671
12.012 1.84456
1.20736 1.52917
12.7657 4.1737
12.823 1.6698
9.95262 6.51427
7.10374 2.90098
0.486808 9.69197
14.9163 0.327553
8.57316 3.71831
11.2335 0.838284
9.76958 4.53923
14.3205 3.48218
4.36312 5.21261
8.85704 1.06742
14.7537 4.81717
2.502 7.36206
7.12647 1.23035
8.379 8.08518
14.3154 2.44816
3.9803 9.45788
10.5308 6.64521
14.7992 5.7122
8.92012 8.61929
9.10292 0.0212198
0.579213 5.86633
13.4447 3.23358
4.40264 9.46168
4.62544 8.15505
7.32821 8.79498
3.57512 9.92741
11.7625 7.34202
5.37444 9.57041
9.18868 3.38561
7.60144 3.23104
6.66743 8.32933
9.19047 7.83014
4.84171 8.01342
8.87638 1.58851
15.9772 9.41077
11.5584 9.11667
10.345 1.88734
9.89114 1.01159
1.96411 1.82675
4.28196 2.09766
4.23496 0.345267
11.7448 1.31733
1.4725 7.9051
14.3792 3.98774
5.66246 2.75159
5.92889 7.51613
12.395 1.8321
2.52284 6.53719
11.5712 9.98882
