10.0447 1.6364
1.36302 3.73837
4.72779 9.62771
6.05174 0.0825883
8.2659 7.13432
15.9533 4.19268
5.05862 0.969722
4.86013 0.262779
13.489 0.980813
2.24835 1.43887
13.7808 3.72273
6.74008 1.47856
8.82469 6.66978
8.40824 1.87599
4.63483 5.56735
2.58354 0.0101332
9.81459 4.45878
9.79116 2.11724
13.2736 2.73658
8.63307 5.90928
0.867011 3.91503
3.74637 4.57325
14.2953 3.16193
4.98909 8.54078
13.8984 3.50066
8.00167 6.70419
1.35008 7.50705
8.50532 1.49011
8.17325 3.61291
15.9793 5.66061
10.5472 0.0182915
0.305655 7.35672
9.22783 2.62419
10.768 9.00093
13.3341 2.26378
0.689889 5.14008
0.159467 6.00141
9.48296 4.08164
2.62153 2.24264
5.65614 2.81531
2.99345 5.7185
8.7913 1.60304
12.7053 0.628709
6.20881 3.28472
15.6656 5.92422
1.3272 5.38624
5.83537 6.40173
7.03415 3.83209
9.52043 1.35855
4.77451 2.03553
15.8574 9.85184
2.45206 1.42124
9.8866 9.06742
14.9932 6.5225
1.98518 1.84474
0.234699 8.49913
6.58975 2.06496
8.71204 0.37575
12.5748 7.51688
3.67959 7.85725
8.00358 6.35289
1.23185 9.38365
3.53541 7.87461
3.04659 2.93156
9.21562 2.95776
3.7095 3.65107
12.8186 6.76578
11.6253 9.60888
8.94419 1.73803
7.55683 9.46923
6.25993 0.979345
1.43301 1.58877
8.6431 8.95601
11.7011 4.60753
13.6453 9.5878
10.2294 7.87968
3.33364 3.43743
7.13016 2.20538
3.20213 2.4352
14.4547 4.16811
13.9586 8.74514
15.1453 8.62697
11.1077 6.78268
2.7282 4.44928
3.49038 7.90225
5.23588 9.67934
2.88822 8.33613
11.3165 3.9799
11.6572 2.21736
14.7266 9.55026
6.35377 3.58101
13.3428 1.68965
1.19514 5.8834
0.271605 0.296805
6.38097 2.24138
10.8217 8.6993
11.7115 1.32026
7.26538 3.29169
9.93718 1.05124
9.28148 2.76243
13.0898 2.23364
