6.87325 7.60693
10.9039 4.99811
7.70353 6.65604
6.79872 6.15321
1.95799 4.9058
14.232 0.814176
11.3305 6.20621
1.5559 7.5904
1.58921 0.961398
5.71747 1.23578
13.1301 9.66687
9.4975 0.791582
14.1476 9.82646
12.6647 1.92168
8.78345 9.52999
4.61229 0.0612356
1.07584 5.29509
5.24875 0.70705
1.80513 3.89652
9.35777 3.29276
12.9704 9.10578
13.1705 3.38248
14.6718 6.09925
0.0143325 1.46588
14.1437 9.46494
3.72435 5.94849
8.79753 9.40719
10.0091 2.7622
6.05195 7.15201
13.3525 2.64591
14.1651 0.0587071
8.37847 2.39502
13.7508 4.12161
3.22364 2.82609
5.94393 9.99176
10.0778 8.55137
3.20002 8.10369
1.49501 9.84774
13.1116 9.25086
12.3554 2.63863
3.87324 8.84824
1.87941 5.44696
8.38772 2.91701
8.57309 0.131992
7.5189 8.3492
10.796 3.50328
6.90334 2.24494
2.02605 8.59982
4.91524 0.628867
6.82417 0.933362
8.11129 3.00949
14.719 3.68725
5.19876 5.47606
8.77494 8.74295
2.74619 3.19299
12.6435 1.47195
15.4879 7.54151
14.2603 8.62738
0.796603 1.36279
8.55467 6.23601
8.41024 7.68443
13.2035 4.28148
8.04442 2.44224
11.6743 6.7403
8.54322 8.84961
10.1646 4.82832
6.48631 8.93519
11.0939 5.73272
4.12732 5.67087
15.0095 7.12569
14.3145 1.82161
13.2303 4.05334
9.83632 2.63463
8.39761 1.16378
2.59391 5.82
9.31773 4.62143
1.30932 4.18689
12.9314 9.62135
5.63351 0.897588
5.8638 2.04388
3.77318 8.4823
11.233 4.48567
12.5577 4.9124
0.0121588 6.80926
15.4975 2.2139
5.65259 2.75944
0.408824 7.49579
9.82319 8.19287
2.31767 5.53362
12.8181 0.579582
8.82891 1.57881
1.17933 7.05353
2.20955 3.26694
3.28698 3.925
2.46573 3.98461
13.0811 0.484331
12.924 5.14894
11.855 5.32872
4.18545 5.53822
3.88134 2.72427
14.3832 5.41543
