10.53668395654592 5.314625331171092
10.520717902679559 6.07278810468621
0.5083588010942677 4.9803681919601495
5.294428769016255 3.4741642664974224
15.350208728029004 1.6346740496988044
1.4138834841361057 3.050891606763261
10.2831734765975 2.6960858478318563
11.293133766719402 6.950918695550627
7.011105216996876 8.346992928069485
5.180536673910975 6.231937935705739
8.640367558581168 0.7169412267120479
5.5556123051454005 5.631385524840993
15.616919115802437 7.836516468724274
7.694511937771555 1.9647047256994332
4.3193995217429055 0.42424021918729404
9.305292993783741 4.2423022686762035
