6.959886058975874 1.6722467094125704
9.149747719957077 0.7733634594947136
15.63471300930345 1.107412789221145
7.873254911729852 0.3050959749016091
6.493127523269875 4.915757889048268
13.700919173376901 6.775456581416597
5.636440907876388 1.843011028884718
0.7235028174013198 3.2851250712592615
1.0052190247501809 1.7590578320438333
10.411957664164252 2.0155051866723364
5.9826940519002 0.07087912202419444
14.60281025189332 8.408571199526907
1.51391745176943 6.845686214734393
7.8685868897049716 8.21891862823941
2.8598811584140638 1.8010430205623884
15.264043325023852 2.0826349215076148
