2.7702499865649077 3.1987330167994266
11.078613493247577 5.75209326882013
3.6430595646019626 6.6313158717696306
1.6880832249632043 6.276805748772624
9.157086527267971 3.554936366950181
3.506656665852571 7.245827033280619
2.895871280204906 1.5735465806728177
10.124225905051684 6.606245308704506
1.6315055717860378 2.6228830703560857
1.57753654536406 9.138314623815939
0.13418424167541687 3.510115777202371
2.509136118901143 4.6699487701586575
14.509397718228781 7.0737637631661325
5.762780073803237 1.8665369543619015
11.280194140476945 5.419158729876399
11.524639514369547 0.4485528608273248
