6.005213230646417 5.141833478905778
0.059755680422115987 5.16863517689244
5.967644422753381 8.831345443419867
5.346816411182488 6.626710635814592
9.089254086853186 2.9966661013815954
7.481792902815995 3.6765996078549423
3.8013767995932675 0.8812253790930158
0.8339412130055877 2.227031223121352
1.3331085618372764 1.506312452155365
1.9987181678640766 3.7329888023476876
3.810781616142835 0.044088663224430835
0.5265938835093831 9.900536153551075
3.9223117367219658 0.4082760139286301
10.01615663692981 5.516410473905112
6.221624307469057 7.33331833675533
14.991726424883113 3.963552523948329
