8.175367662743204 4.971649650726536
11.612064666717298 5.632039958201956
1.126235425922868 8.418772404125445
6.688464067284125 3.924678243761738
2.164947904070228 1.132198858312805
8.355934926564775 5.687435895691126
8.298968683937268 6.131246779542144
14.042295409399042 5.042048449445539
6.066362859197897 2.5657270258042777
4.909546279278796 5.608070533590342
12.725957458661824 4.4112102993203965
0.6521972369378304 1.881545037427702
1.4504357347993402 3.3334341402977827
10.950026529135082 5.907147319048698
10.594041439331852 4.545951309204591
1.7564885912177122 2.9625595503934288
