7.337363133520238 3.103403364285561
1.6881987327801706 5.922022917999895
12.125553012373565 5.359919582166901
10.764168809851814 7.086717127055003
3.294558118167556 9.266165064133105
5.240663184659558 5.837019560930296
1.6509262130365965 9.964050170391298
10.466257736678102 4.617856334681841
9.057915940658342 0.2718832229267554
3.841274337017385 9.746890565837917
1.2965043204659281 1.4170089404569386
9.16923617868352 7.7397212534112025
13.645970564547543 8.612282828422183
12.163554502477973 3.476577357467211
9.305298462479584 8.131231184406523
2.221533464231534 0.8142057315466611
