10.618448297423711 2.098219980558035
0.7682787746864594 6.563378068365956
0.19016544046696104 0.5240291107898698
0.3705798363704069 5.731304825670096
12.599080183359284 0.7025205916566668
5.108743860161969 3.791795049599731
14.39090212064533 6.463360791251781
6.476015968987392 9.220087587572328
10.994099329317509 6.7224646886219395
11.3934924315299 5.418278877889166
7.479976517935436 9.72491623274669
9.149232241427965 4.0619762738968195
1.4972164885235237 1.922593468006304
15.732633357730103 9.617045770773359
0.04761819041605442 0.7779515476408427
10.862247434161214 2.180166162830006
