13.614193327001544 4.303187501202754
2.752051251651144 8.436339490418474
7.186138559565313 5.597829593066047
12.28463248456396 4.755177114639767
14.247317424486399 2.2390208394699505
7.832722723873161 1.699060052640694
3.8068640025425733 6.1338874242013635
9.631975020341915 3.813078882621621
0.14643328484187101 4.4832260858002755
4.315541979351249 9.952797535879743
9.255367735964423 8.85679012265012
11.060037115267884 0.9142453216616109
7.85113174923754 9.497064823629618
8.501826178006715 1.4138544428161337
12.199669478837752 7.780073936150816
11.752589445190804 6.607172609758834
