10.488955467067356 2.7875482674129026
5.445232680595565 8.956115976990034
1.372097479300967 9.691118670620643
2.8544988959967466 3.343155489827936
12.829767491193111 1.249162254960925
5.966244082704419 6.488199317970121
5.289406038365943 8.449786951931724
4.710448960475542 5.898281502941495
5.642012954387464 1.0966210275875443
4.454841008595709 8.161614707623757
5.071086694682824 3.4530797565888416
14.21702773129524 9.157559803436246
9.184623422413562 1.1040001757950324
4.147369525745139 7.915053732621572
6.067678880691828 9.282111759273302
6.066916439555978 9.870330716991289
