5.853921380027307 8.59035818221462
3.8985822061270294 8.253015581668585
6.93301337579264 8.454561251606803
4.247882085304184 9.4193958587313
1.7897175424196021 7.6918249051475565
0.3229832481555093 2.3632066354151107
13.928852868963093 3.5010499981128715
14.919671888940577 9.294170006228567
12.803081230296085 3.961054492248157
13.732296054975638 4.571043369288193
2.018755121370045 8.519583689191784
13.059947270750333 1.3556544045230434
13.864424271655325 5.189630531037512
11.897452136194817 2.681760207996594
3.4473837411463943 8.48312814907678
9.603420768937555 1.477054656086515
