6.8812737458810584 6.351972845619606
5.199771053039942 3.3044643665879168
9.723303764578754 5.291297206604151
15.308429234060382 8.078313276553718
11.895176983066657 2.9671480907347347
4.845966329086316 4.575044134154458
4.693859901320762 1.8578393930803416
3.1468867359144106 3.790978481892755
5.379296788757763 9.41100127505199
9.68042094046129 8.698238814806686
1.57790160995315 0.39132034229612533
13.33969536102524 4.37325355218173
8.810709045812732 2.7271504732636567
6.931439712770702 1.3269913200316574
15.86609605437913 5.496507390804779
1.5810899777627387 8.515773231687675
