12.642525735726208 9.651307886119497
3.7516175955942455 1.7397391084045366
6.21889625784598 6.770190274219669
0.2363200787112021 1.383952476761443
12.929729941929335 3.3214529163976603
8.946494627613857 0.5549368547185474
8.812376160536298 0.2773809335887045
3.3161349793829142 4.47896798538948
8.380996824039936 1.2530838949638745
7.3445871662855176 7.80483501532154
11.292598648516751 3.6907964419311403
7.93831490069099 7.990027925904307
4.210817001223214 1.4022047838405616
15.50411555761492 8.730073484107141
13.987005559398249 4.771722614914966
0.5656334110153693 7.429635082731386
