12.240429481836594 3.877049607967491
5.835393048706457 4.280623627292332
4.582440403504327 8.043891931718715
3.0002610379557098 3.7980088694352485
10.550368599397508 9.133841380901355
13.005273860036041 0.8496261587290155
13.825271911691118 7.913256657064283
7.531749879527251 5.537765922140939
7.091411802602794 0.5546232831572195
5.124510776156576 9.13084525181784
9.578212608994217 0.9818189217637663
8.823054499828357 6.1843113799497385
12.979818078042381 5.815857623189855
3.2215007432254836 9.699284384611543
4.74023822751778 7.253639332902305
11.003607149541725 9.232767482499822
