9.507041192393077 5.392432537065587
2.7417160385115746 4.945801644671766
5.7239702331615785 8.319820431690633
7.507853488857213 5.547497004438227
6.1992359113184285 7.549003383649948
11.023036660578784 6.857723340752234
12.345510214438207 3.9860612871710566
1.9053734598361949 8.179334441482549
5.528359768977175 6.91762616056458
15.815454549993076 7.01761735444785
14.506971698100092 0.1335494863448805
9.659479517654722 0.9732269218818412
13.960074093191047 9.602477530312854
0.5464572405709269 1.3326135036890807
13.32417656239033 6.868864269896168
15.706524425376148 7.565091948524349
