14.351034271838834 7.685603961061744
6.493144706873457 5.686287274817548
8.487540205785946 1.0217302601690226
13.760648440886861 7.138786034477888
2.3813009518209274 1.1025265113634064
2.7738272999692803 4.1024319295722025
3.9173058909995166 2.2865106826061043
10.042370438966898 1.194091305621433
3.4081624715046903 9.144493969038116
1.8831685722676372 2.227733959514211
14.535924425586588 7.810633599451496
7.172297136896233 9.695473688968136
5.230851830501747 5.9370475645199186
3.253877368750558 4.592289828850708
3.9248578788516024 7.207618290479699
2.9472372977282912 8.860008916890203
