8.735151634213496 8.776772577642765
11.970897923871187 0.5033628319554151
4.301826752355041 3.690332136597736
13.555944389774716 0.019173575277701138
14.239929282272785 3.3473055846829434
9.865176859885484 9.357607872283483
0.9855767183582849 5.452534544692407
3.555479872795658 7.022474860130695
13.085093275059965 2.462494439205265
13.758313140311111 1.774134705314514
7.681156306600155 1.3128261119878604
4.920267315473012 3.741268879378249
11.124270640649405 3.1685011920117168
8.474485202374117 6.513202131274191
12.5717651570917 2.935384292159929
0.9015910249671037 2.370520768742075
