3.2154244798391822 0.848112958859929
7.492537307426344 3.368528956123934
5.455261838144494 8.246442022339677
7.268784440636638 9.483535027347262
4.995202414425174 7.564803291690852
4.57128788305098 7.678388019758179
0.28156762363687804 1.2982098156158361
4.148110504472463 8.700919646314361
5.1599740215454855 4.835255412008161
1.71271232071582 5.666782860196687
1.5359125430941347 1.4160233782312348
12.815558323057218 2.4391028624261137
0.980059377463677 6.018248802352767
2.3440024963308783 0.5281672374379953
13.288837064461047 3.9718282095416035
13.847601217147801 7.4403146805288936
