13.765667302683473 3.88080529255551
3.327781526100088 8.923172906395322
7.341355518039105 7.674430515709446
14.499770044809004 3.9315102706232032
14.782150626121538 6.804144312524434
9.677758956427985 4.506812895036391
7.073783957931909 3.239866143658905
4.4624562338324285 4.851443109777796
6.522567883824182 2.623171760632541
1.1796169570390642 9.732692900650493
9.163703298584265 3.35967016763969
13.444925033793028 4.870476851626736
13.373546976239899 1.6476661089780598
2.329557441082903 2.3526156170263923
13.763639289083443 7.646201305730171
5.248653547881235 9.335354233655815
