4.1631196259628584 6.463532240715741
0.15787775532024817 7.838147042162945
6.144028582523001 1.0665319951510266
8.74935675380385 3.6996274011174988
9.693727279239804 0.16672126722240388
2.6396177852019242 5.398309298185687
9.758518659583604 0.8221415927282527
10.182046007119068 8.412211483671104
4.588538014590901 5.213307786402108
14.497908398770365 7.029596852457668
3.3075572473354686 9.664926749985037
5.473200703398085 8.242024408289295
7.240279611575891 7.897675622034947
14.734762786091984 9.027233339116115
12.873639370468275 3.229723309001037
14.602074631420793 1.5333977409208044
