7.097500006037571 1.413904580667783
9.597715717995317 9.848328040306226
11.3007813260033 1.9774057094293784
9.57808271223578 8.912510757122824
8.517237583595302 4.673754979092766
11.926303848750162 4.540442279491956
10.130297032547201 0.07026813564760759
12.204975700536014 9.610293105416993
13.523549275126122 8.167113896323054
7.577402657315334 7.353595166075823
7.826545655126891 1.1354244797895374
0.536564623186667 3.481959769162324
13.386087323648155 4.701650052633163
1.7763789700517734 0.33555299416283435
8.445735119313031 2.4840914690106253
10.219491506589165 2.957287204151137
