1.2854719179656016 7.83189790216296
1.0244284906999575 7.524087286269706
4.469561300679862 6.808232551422853
4.427652822390527 8.413619416210883
3.811933100279667 1.2060343678587404
12.496105302239089 2.280902522021464
2.793041089716647 5.7095519376755295
0.9994732618102748 5.585136544970945
0.29385136842173054 4.283937525256477
6.644624043106022 0.8544032693986425
1.3131194776258752 5.8704434475460685
0.06591725110892632 7.317210952609475
5.896914658408379 2.628257039719273
15.21668739404138 0.22371398725433256
10.031429951954998 0.17866352407634678
6.112041494748874 3.125590859297549
