10.1822234118009 9.47799811202098
15.493683310250614 0.6417629048724471
12.157548274274953 2.2866049204664183
13.779728780892508 0.12144285720426251
3.1063880176242247 9.751452710466864
9.206247597339035 1.3171911854898544
0.07550971456007005 4.090322144224343
6.950823063103826 5.328033964475818
10.892766597920174 1.5397513816797948
5.093803410730809 0.5298572151930137
15.944061846837192 4.238503113700631
10.855761776864826 2.852632140504945
2.2754860318409786 1.9353455406725684
0.24304549449616175 6.882786011315314
15.835032666646327 0.9160093709710837
2.6438398475871807 8.016968258810094
