3.9883694010631228 3.262311429208977
8.755116078035002 8.003338486443846
3.9710109743155204 2.9523327456214155
6.662642072552874 3.6286814707911907
15.031592747703689 6.47165936426841
9.437616606104736 9.467443867351562
6.431383362057321 6.8619921683025975
2.6968007644794056 8.338771992471672
5.2503374689932745 4.781052613922724
0.43931333168107756 1.4687654362521319
13.029896027367348 6.757794576246122
0.07882701294256655 7.617529041059438
10.028988512288597 9.479864513098264
14.887132582623117 4.217838783503975
1.7782502977258776 4.195206703932861
6.349068903779353 5.000221267318778
