0.34475991387770755 2.226603245277128
6.34948242431034 3.258861949464129
3.943738385400163 7.7511442341849275
4.861021235417878 9.146551523255317
3.0195329376075026 8.949361088360288
2.455816846348073 2.9594452657589168
15.739247065702653 0.4731794038949255
13.412711844095055 1.636833948346328
8.305531948648744 9.58199979923788
1.9028783308906245 3.7690351180002635
8.130879430075385 6.522325136291332
5.379809631247786 2.4874676748009694
14.52512494114286 0.08068107915057965
15.699570696911207 1.4930397248331428
3.69648266934764 7.316312352046625
12.048979123117645 5.130191102867431
