6.93742309173359 0.3095428350192686
2.5160234437895497 3.955885220804445
7.967791368170815 4.972525965901765
13.11609751183626 4.957894393921992
4.839996539080351 2.6775512523645952
4.923229704557912 4.723342567591403
4.228716242750378 0.30946489790594334
3.187778213269331 5.781557539306126
4.32853585435751 3.3182941290713543
4.13724404730311 0.967733906118915
2.8862919218538288 2.544807262890961
13.429599834521909 2.2122571929055
13.254365102079705 7.432996082096608
15.588712297888096 7.535901442281856
1.8418088651033244 9.40042753149567
13.47351393626496 4.436286016689018
