0.9658571502955642 6.819776863692039
3.4822646112019164 7.148861153856778
1.7684287905067357 9.917448929479345
0.34691957958268205 9.909734607433263
4.739321157773441 4.608652140308759
8.727543236988929 2.895531860961642
3.527961124651796 0.5056919522688941
13.174928070902471 9.723093710442626
2.008919614575216 8.598308385500754
11.528631153877393 7.502253411766356
6.204887366436056 0.5757491001785908
11.046769977725278 9.62126428598185
10.540131947031037 2.340523135811453
8.587764225589071 1.2167514305103067
11.486056738393437 6.728641938888136
7.148703989913551 0.08664493702769449
