14.647287361546779 1.5452799727345101
14.174903646263314 3.0238372832212845
0.8286381526379625 9.083141925527348
9.229928752404383 0.43945430290197485
12.415013582937611 3.2151504877164494
15.232118329117739 9.846149766496522
9.642255462955085 9.078380945069286
5.712690486045457 2.7465348947949964
11.682752373606444 5.588547085017032
0.3951554698435995 3.4872898139011066
0.13817934664481868 3.090510831869456
7.483033243344133 3.6195165947459573
8.386295101182156 0.2947543868916236
15.18264211226723 2.111101187204838
1.3459754288314567 6.060581486104438
10.73675318627878 3.2087825110900345
