6.500814477289838 5.080966961754236
0.5724889497945256 8.128116582970133
5.388769947293531 6.665897137616186
14.40896473689872 2.5161810467999848
15.894851513305108 0.37848691412873614
1.8354493716701281 4.806777411190762
11.503213064690675 9.264939323012852
13.556343160801244 9.705133415909646
7.061738230794994 4.0631539201235505
9.4312014767113 6.9194897701140565
14.446098482791696 5.920234257685243
14.49548719331337 4.156783658472119
12.341734960765848 9.980674567330114
1.26031527565093 7.072440369438052
14.450557742121042 8.944909043468074
13.96413744810259 2.7874715668162766
