0.7787559462201532 6.560677562824467
15.514765001311368 2.6556257070018052
10.567937613464544 7.5977914145599135
2.3470117105530672 8.703437965211187
8.083664365269726 9.562958764887671
14.235058516742326 9.474389718648755
2.925087121007337 8.346490669725638
13.805109569858638 9.472783133470418
10.39275266126152 3.685320628242328
9.390273386347129 1.5788209572490741
15.938978809276025 7.222199893269941
5.432907353419781 9.188747162343676
11.398253996368892 3.3312454395992885
14.870152087332965 3.2434187345070544
5.119376375204581 0.2972469588921167
11.214529485866084 1.0800157695018353
