9.868814730105807 5.946138506606733
6.668546211017189 3.520259749571497
0.6499559443344776 9.829670705788487
1.2031566157818432 0.2546608982720777
3.444846688096897 1.361862466674435
12.710925393955625 1.5162966446065451
5.439201071542794 0.13248380983513885
14.905105403302098 3.210403945645063
13.48605460326318 9.619348413460918
11.639232333087694 2.607418542537089
7.8743275957849335 7.826519390154763
11.178338512814555 8.275716982308023
8.713187883548809 6.575026051497536
5.811139584840676 1.9140628724709818
11.155844252382721 0.02882341053802362
12.54209506079032 0.07233220398069506
