9.732102908599698 5.1769978131022185
6.254879850937648 3.568990109578407
15.049183692720472 8.59142569581839
13.963621777289134 6.756700595486751
0.298499628081478 4.345293996912201
14.745066895222738 0.9094036308382081
5.807065237223496 9.077140260263294
4.500358634862458 7.7969500134809415
4.655217483808453 4.215865471131454
2.869502370230917 8.81395374887217
14.937314079921626 6.417632681204905
14.212398043973263 3.695905964734534
15.949426495098933 8.35597999189078
11.598732655268273 0.6839514759830434
14.417265594647684 8.33629699239212
5.492176433275391 4.79542539610463
1.2207174544808375 2.9901516817850284
6.335113586988447 3.7856819738804806
12.339757086163512 8.946708057849314
6.731080890730761 1.632834293216402
14.494760909504517 1.4360089151590194
