3.9352412835803765 1.91206136357155
1.2746775699825452 8.121271317816278
3.836792358216078 6.422073159189602
15.217305401792363 1.2084827046555624
14.947104910258874 1.8959333336279272
14.163920044033015 7.286419533462265
13.137697942228781 3.5592813714581197
4.635184055228338 5.916995715790265
9.891098434101322 8.5982213469922
1.9487178145569963 4.0490863418384615
3.600839463435216 3.5702621094315576
4.2173640489557 1.1988160284746818
4.885886641434579 9.948969475048493
11.075171157001144 5.901298605859714
12.80254208409586 6.439465836952363
7.425112417604822 5.1634984310185565
0.7747758292287816 7.436275042485496
5.715274455291791 8.331755667636177
6.6034289975513225 6.816887827112171
6.97807146445296 1.5543774569577362
8.307350706453269 9.648478423467695
