6.758456271697243 3.5880247411954693
9.37103136282749 4.019494556037465
14.285923776059315 5.507870637930132
1.4248525992024295 8.753364582634418
4.980918890685645 1.7157087496975132
10.286083256528485 8.079735830133147
4.644872141322516 4.873845918110122
15.487702364155268 4.419615706448288
5.9688581028995635 5.504218755090866
11.313285948837615 6.43230566874143
0.5311384989321457 9.396644130308779
7.336318183089928 7.042209664032754
9.578590118846266 1.6422924797478633
15.915859632481858 7.871177184880242
10.763591363435228 2.6969606209939325
3.06354474085326 0.8964067653443397
8.922191127926261 2.1110107859027973
6.734621264290158 7.610484327764304
9.705106112014759 3.175101560687356
1.485438470134083 3.0817633144429255
3.156865221916865 5.452660992798925
