14.058206503350984 0.6204244680149684
6.8394492603509836 8.25174473463986
0.7046114302298268 5.336077392069583
11.264646055829282 4.665116919217826
13.960543509005733 3.8123996526393436
11.311440363605238 1.6876999881894972
2.1811539215042544 6.340253281468565
6.880913025068571 5.399447670042812
9.865775302398855 2.812825089587394
7.819287329086558 8.410212909767735
1.4484762427669384 5.712263203951307
13.251682393806917 0.20728599419055138
11.447368420276346 2.0183848910978153
5.3171843454851935 0.03762028383704652
5.45813901800094 8.352393480119849
1.2829396552079437 9.168526312003394
6.881179427734464 4.944632972357735
4.561152877623195 9.353681571941577
3.1672768002878033 7.79088114302219
8.421658321668225 3.1523623960649996
10.853667192491583 7.929029318898597
