8.667416323861755 2.06897359293835
1.0749752161158774 0.4772387520140997
8.552096979345787 2.3003956815674034
5.637530242230271 2.49396612999633
7.469722303575054 9.27313876759558
3.6850369037442317 0.8154861862327556
15.25218264398671 6.371252733733771
5.924858678360053 5.029090425676995
1.550267850728451 3.1109061988224305
0.618078897490955 1.5008284793256577
7.589336527574309 0.825027657576517
5.174911046684128 5.92179622793534
13.794743447097213 2.2853242901699113
5.805496633311085 2.7726653693970538
4.581394894847881 9.601484958049614
6.929354051924827 8.094252966835654
2.396182635942786 4.613931265489727
7.481211219222516 6.2232903392191075
10.763793309814826 3.923464455918327
3.1725822451962653 9.447393578908352
5.926882999291779 1.2494847875260773
