3.886699509785636 2.0842556954203784
9.42784478967463 2.6617043110791117
7.742550540347345 9.173874235864556
12.38511369746892 7.677572988487485
1.4810575519200597 1.0702685073329787
12.333627758874488 4.785561254997591
13.546554492658771 3.754955319077713
10.067104874504516 2.6758123732831915
6.416478516361231 4.982793205685195
2.796415379273215 3.8665410140954535
5.693146322003697 2.4069685722149456
12.147431326113422 6.065259245944597
6.932648746917442 5.7418853319589935
7.158979588761431 3.321148387834273
3.5415265198650374 6.994198144286692
0.21327809986203583 1.0155258700850078
9.076206418953292 2.892206846885119
4.595675695703168 7.686950821950589
15.864727511962123 5.320054580970641
0.041337017420415734 6.014039333823012
12.093819258566413 1.8135179414467484
