2.5970982983703106 5.57934362530886
1.3381861778370343 9.837899231995703
1.5478321309487164 7.454248080083349
11.430607663208328 7.571675360416631
3.914624871381486 7.479296517191852
8.206419089215368 0.47049441164976447
1.5604655386060493 2.802373069974956
13.559183146802901 4.255827659082505
4.384702581545254 5.34901519526517
5.283503476814474 3.0807645459596156
3.17123271053096 3.5129666943737936
2.6510966419918436 5.741042041228148
6.029412490149182 0.39424760070752907
3.4579278850155664 4.78412726935095
4.44844921486467 8.823342649864353
0.931811436599439 6.47926596490149
13.775767869731563 9.2080915554894
7.747269345907611 4.031034359075707
0.5704188692537784 4.646460759129756
10.398451593893789 3.382219614807911
2.5878554803667058 4.706226206098999
