1.1001094001752794 1.2387942295922605
5.035444588452155 1.563158899425784
6.181061801685177 0.37442933220620866
3.8956629456365413 6.14288741112989
3.2290505328824732 0.3866273224085581
9.013990145026499 7.805083116248412
3.0263461659632505 9.231359323043838
5.467682164456779 5.3036283006399865
10.127720919281852 5.48412720564145
9.32103301482948 1.0345895234261249
8.004500557948209 7.498371837643266
2.2635268760666243 9.287270660608982
1.0151155335317004 7.799919740632275
6.191295908466502 2.936447304581302
13.592604540502586 8.209004657486247
9.712393160952676 3.812214708700651
12.633668056331215 1.506858651452112
6.399615115990841 4.212728283615795
2.5443139737959406 4.032439967534977
5.882235422682717 1.4338781421789504
2.3724454218458444 9.65518344187477
