9.906858031217386 8.636485207022647
12.812069032757044 6.907165850039591
9.598905361009447 0.15462253165475004
6.760845430838115 5.5216245392240895
12.221211836581366 3.4091129817758703
14.970074162333715 4.464451800442188
1.3788813520541705 4.359997089612143
13.458085078798016 1.8809454261195413
5.159844813123701 9.775362034651536
1.1749420525782828 3.3888988410695853
7.030097231199738 4.813094902504314
8.77485415636282 6.850455777375592
6.255682082031681 0.3448562702658664
5.419408038902468 0.21252851070693524
8.01431804740084 8.691343361402005
1.3472468241108366 4.067524512523079
14.609029651767498 8.303037012386367
11.812934322044756 7.106253602471283
0.12347029007941046 4.357568790156132
14.23159737139802 7.222134074488659
5.631032977957574 5.6059617011443885
