4.746486100392925 1.5718175854132255
5.04052365780246 2.577710241466822
6.336484771695268 2.366278106411123
5.409114545806718 5.563159313099336
1.0781119585605357 0.6826852806768946
4.077862240029502 4.40738394076571
8.432353945577363 3.0412206608285706
0.46117752953002267 8.855259691411344
4.561927502631313 5.006365112113772
1.5458190651176622 1.4282200315327487
10.786310628314384 2.383696178285868
9.785216621585187 5.251374414661751
8.507144338042835 8.999314905564994
7.567148676860073 9.137742546457904
9.621392600569967 7.422871815690494
7.535871789893433 6.3431682839642765
14.384882751244689 5.899678888149415
11.163141540855907 1.9395537464995483
1.2575211058078093 9.528789693342643
2.9305440770831535 3.1339741603317517
6.521352835875621 8.170356204225627
