0.5769670563448877 9.773233226793769
7.182188724702337 4.379668099585602
3.6776142051962104 7.102817267042136
13.626545622260881 4.5390875838839495
14.814536296876067 7.166897129067506
1.2285290747629887 9.404376484705963
6.286237668029379 6.282655738326913
2.8075953136327563 5.21237962135635
3.527617858652617 6.548026427208539
4.893773859027693 9.968229160841414
1.7422819589413336 5.640071146235251
2.9370952381724145 2.9544179342042076
13.765779826439422 5.012759150992551
1.4241867183827939 7.28612141642588
7.105582359751146 0.8268565022201235
7.752912247848412 4.455278795656375
9.34060257577143 4.343778912893414
9.614426921502902 7.03839784629583
15.831395920789635 5.5762501083934355
7.049878493296051 7.120464453979377
14.621744267599311 0.23008186318389967
