9.470335483642849 8.9345451822829
9.502169721521126 4.067973524298958
4.9132660302994555 0.1625971012975136
14.492721648973472 5.630147567025565
12.294550801724169 6.593803573497996
14.272872968576312 1.0335279105780926
11.07556276128078 7.034163672953061
7.533924985152135 1.9293678833807437
7.042375961332574 0.19201809121781266
11.50504930685594 9.873602570055574
13.593213753836872 4.9513072224815025
11.4242207189602 3.209231679476696
5.519836334129803 3.825811498283965
12.464489930977146 3.5405490125165215
9.637336622647062 7.939547430064233
14.882728464903392 6.988130765905259
8.609187660642606 8.15638397484631
6.238084219744215 4.66703868599354
13.681153674705904 0.5794901439269695
13.402832572666123 7.812706747078098
15.53634651445639 2.891514404025155
