11.457916127946635 7.612845045326471
7.763266069935641 7.454933116990742
13.784899902445149 3.936040116900691
13.393864202408748 8.123338925916144
1.89796630136793 6.6883787737108005
13.180400063972334 8.370441219979494
6.690483633968192 2.15517092933886
2.7326678778856053 8.525823145256537
5.336366750056488 8.058177831065208
9.731748281002792 2.172853474951114
6.715109143077505 8.067511979610432
13.921945649266974 3.5276570301709977
12.487565258581679 0.5725197207246235
8.460253994364859 1.3840818636192953
15.399317446397488 6.983703569897102
5.6719329046155575 9.613878844944882
1.603088917826586 4.491715609076304
4.937064281965922 9.92431050481009
1.4154396218102523 5.275967321988936
3.565354239079806 6.954710386413
7.530289563285777 8.529368108627365
