14.473740596022397 5.252509321050916
7.2990685375790125 6.5797893487034065
0.0060493581144065445 0.41926908915283834
8.353654851112225 1.9904020680777346
3.567641721602657 4.382504252372666
8.86553191119826 7.424233358066786
3.2008969477780376 8.676414494744913
13.561773070503857 5.788082244206142
2.0951950698954356 4.334647072218532
1.048713304291347 9.667620925789265
2.4504898294897117 8.7830705766141
8.404773269130406 3.161639938390021
1.2825316336211543 5.649183597566616
6.293901038462488 1.185242555058027
1.2976283662452524 4.697900031084593
2.1751061795712996 2.671253774726737
15.69144924567967 7.06857655835302
11.573046831111828 9.764469526488561
2.9544211143562116 8.989235452350448
1.3118685136981814 6.778846631308025
4.419288141898091 8.408381234942116
