7.207199736037394 3.0269597140563196
3.557326429826725 3.076880879306454
14.250331873395655 1.9654050536992496
10.82226600354989 0.552008680768078
9.155265761611833 7.701382420842734
9.065698497088775 9.946127911954953
9.453267526944241 4.204328293115571
4.736149578095265 6.335117732931369
11.523976231504433 4.0796053383493565
15.208267157357836 6.878178633169913
9.75397755009848 2.896820083531164
15.736821714003037 2.4252663375937877
7.897259404409082 4.59604347025352
7.522559054691312 3.6073697907070166
11.405652850545884 8.149495387949676
2.1691095710367705 0.4080533744573256
7.112648016930285 9.995572489918278
10.671536446228197 6.096962486188283
7.151063335444903 7.9722267966566704
1.0475552768539025 6.174855964898011
13.03177031720635 3.631586432337486
