4.109703336286362 0.0032938982731045563
9.153013382741577 3.4391058590336963
12.136816435489791 4.935766594576658
13.18237383350512 3.518427835974599
6.479295288785554 2.730414592664804
11.099093339248798 9.277455289423802
1.1288787987820719 5.839165331405933
8.543852762963008 8.421444094313266
7.6288166935389405 6.308061600305901
4.768845552775614 6.167975802969314
13.130734320444333 1.1871381546707793
10.746834932565942 1.1728287802705106
12.492711725047865 5.218234927123361
9.725973839872639 3.987660699565818
7.704309191384789 1.7738849408831792
13.115799640186012 2.4658349020425363
9.638443545664703 6.852601295789615
4.73260178263118 1.205681672512705
2.5432384002906865 1.4253692784400362
7.6404391369360045 3.435826624568744
2.365202580403725 8.929596489092908
