4.535287977450983 1.800407740494685
6.398518590316854 1.452316433762355
9.786793115577474 9.246687905693799
3.8645803735634487 9.471739312881361
8.37106613936809 7.110547333242644
8.273968087638377 1.6392454074524687
1.3075429272224675 0.341518314783128
0.7383473040604631 4.483774009965167
5.570365303380896 7.163273542004074
6.428517462233 4.880971788102698
2.161951871719374 7.191725322750262
4.891244691280633 7.636001760469519
10.942359952206404 6.431588814113924
0.2231972261532409 8.164744094318808
9.899779595918442 6.065634991216183
13.371876867275924 2.1022235874476625
9.496860885281565 9.739242737947762
13.276564723272324 9.198851264732312
8.377523831569047 0.7598848116007151
10.601131497005424 8.281702331687109
4.583857713114288 4.6046314076859876
