13.91128034973686 1.7690442009047869
8.8301118915216 1.4616647664911753
13.432511987868807 2.9034089708017143
0.3351755953361817 7.322831306505554
15.38664082611218 8.948182671758799
0.6033129215196684 4.618913536653359
3.054042967306387 3.0330612211083494
2.996658368251209 7.840420996465085
4.483778593498876 9.658636158421578
8.398756352917337 5.720708470599539
12.605432384422306 6.806658430292413
13.796443277798906 1.273362221577018
7.928962343391538 5.474771796059379
1.746274041599717 7.326201029699421
7.263873333028826 6.201530987172417
13.8139128341967 7.08434726148698
12.338141939657735 2.9281587697764424
7.156235728774739 9.232025950216839
6.224320295170461 4.711904414736335
2.081290693701318 6.691091827717182
3.6199649883774967 1.6452384145713228
