3.8098507150148837 6.6029499467267305
13.490595203535038 3.802204887894308
8.17244167277335 5.61924690695141
9.304777184905472 8.069735304672472
6.525719266551105 5.063495901763445
1.3253885491842077 8.76578845780806
10.768437177806025 3.3372622264245564
2.838933904574816 5.290941167596351
2.7960122729619066 3.655778536528389
8.791457478905066 4.898189215543599
8.874201626638703 9.984723921325688
3.4458523547233995 4.453709362479956
0.8593092065923837 8.096463685143263
9.368966585382186 9.259980872479463
10.52245553551916 4.761034968990149
8.477390834362579 4.513728836389701
5.340694742510106 6.045424836739276
6.671242549485225 8.205255268277643
13.891794350194889 3.379069891461307
11.067200459598418 4.307751035931631
3.894557123990424 9.894035426472247
