12.543186357882236 4.148001586779898
0.36940211264634293 8.232149215971337
13.051104906084488 6.506491594744802
9.251691868926885 9.569361489399158
6.325054709112349 3.9106400140938313
5.817880129026523 5.037311367553354
11.276146282269064 4.393645624890987
6.930168982375898 1.8824644036938365
8.792515770603043 2.1327043148474187
9.955190578935419 9.798431096582775
7.127561130674469 1.5224582531746134
15.880808625174481 3.9010842468288818
7.997033181484403 8.735266251167285
11.334761481856518 4.653404053642514
13.807156727328097 2.4842154085159693
2.907071859356199 6.51923093277921
6.11320148995604 5.348473085270995
12.020111926645107 4.720787491807301
15.03637942949785 1.4706402382798989
13.424151491724928 7.889593375296171
1.88861425497457 5.512384097996134
