3.1094071197687043 7.954593819943464
0.2954126866511064 2.7151527822008914
5.264233682493828 2.68201537626646
3.0218396857989944 2.810747932350547
11.695955795362451 3.591437325961845
9.390018135202727 5.513206527106024
13.055718251811765 6.664365191792997
13.148537421433437 5.528004480721877
0.7935342170554964 3.628516302202578
4.411474112260059 2.0810914323178134
10.398516435851237 8.284065310063532
12.390530420220992 3.0618250680356685
7.263059877596508 2.944992651690402
5.8678120538397724 4.494271874296202
15.82748782766604 0.807245958434688
6.539107343184593 9.158339002567294
9.254339978249753 3.5883278381635275
12.111666306538307 9.810748980472047
12.001348534903332 9.112773017490774
9.025861285052045 3.009621789929061
2.159855512331811 9.4262387094253
