6.5409289965524415 9.145871139702365
7.464587148681403 5.694460203270971
8.993503915925789 5.429156619294302
9.057861456983085 4.174756231277408
4.46100558081665 5.181295408812886
1.949768212404953 7.4927136976898945
15.24697158113617 0.5409648745004281
12.51723425777966 2.2383289116797336
5.38258167894992 0.33538175582148444
15.505372750706064 5.620956053926161
1.3053029159068341 3.2155563455066574
15.636497059505004 0.6004125756237322
14.686497687503453 2.795104489997109
1.2461936175845327 6.246458072149826
14.339783524137628 3.6641570430827555
5.545934377687722 2.623695223720204
4.979955015954838 0.6753173481650931
8.08433725265261 3.4156808067745335
2.6582767800803246 7.223702289359587
14.291794217825968 8.071544045306775
2.1687446098002905 9.13540072609296
