1.3510445079550166 2.3756514510393476
13.644126673338778 6.785274192089094
8.59573423137762 8.28542905952665
3.935479255079599 6.741593223610418
15.195448496106648 8.077348787893225
11.222690762399562 8.5780057180878
5.393554253531324 3.5938002646100333
0.15473228197698852 6.940134352537544
13.795319550587559 4.2015099782663
14.14670091516345 8.248118879328025
12.274677094236404 3.635199744760401
12.607748835398993 6.137939524426635
15.249245181119644 1.4331702169632032
12.73117518237856 4.389665297016249
4.056752051937117 0.31304145377360704
14.862643814290513 0.42042740349919394
13.807765791195905 3.815111673655652
14.32396295404385 3.1368622753205964
10.635014019354774 3.6501026146019644
5.361182715301581 6.4672346053681125
12.408551858714281 1.4126684393627553
