3.996531206276595 0.13156060236741207
12.54696059053752 9.310849410419282
12.840483378031701 3.838455602223009
12.497645521754537 5.458051519571109
6.555391766752733 4.563890100444343
2.1403385646392987 9.71772301005611
13.176218537235293 2.085229807780311
10.31862747018897 1.052213830494001
1.5226846578524516 1.4655900460563587
9.124812392882994 3.190061158856113
13.382528528510118 6.077639586108871
13.698314135099295 9.632089187143752
1.8099691280073245 3.2475407263020974
6.401754253662965 3.658521489346641
3.8265427713100237 7.072311005254845
2.863147520176021 7.04386005957822
6.221010937564962 5.298567532960476
10.502966037349772 6.483246364546388
3.8523259808137382 4.660182811441668
5.388898038621489 9.790910607268486
10.065534538420383 3.311994676068186
