2.7689993750432773 4.3827236001354075
8.736136890338734 0.5177665940135068
10.565967512793167 0.9652767315266164
1.6983008402773745 4.027331535371337
10.619240886225091 8.201205305942048
13.661911526534874 3.8677916257890033
15.68291031324568 1.3946544077145073
10.731418484884793 2.3162895302445383
11.331718642374934 4.693399757146038
0.48469051978579003 0.4465792525380674
4.734443871532509 0.9741625155082811
11.009210162339043 4.60753263881535
10.304255270137133 6.666011747355162
0.7599496991584669 4.145848959677375
10.926130820781879 9.031155838251314
15.135978996824017 3.827069233677618
9.221550927102989 9.340188528479867
0.7228491869496736 9.761881239205913
7.276628488057007 8.493482957659864
2.6852973680115344 9.358434062985099
12.391299129413238 6.5292918509446825
