5.816724049347782 9.730529492445566
15.46850344486406 9.503267058755462
5.366551536004856 1.0278939819755917
9.738564152221057 4.380972175410925
15.232912535756759 1.2833537225835145
12.451468937991113 0.24834479728930048
3.3224471846744166 3.005286304361335
2.6308366987426766 7.949703886490131
2.777412481480532 4.607463262096628
2.069473628124319 7.760155282463737
10.740340122728378 0.49002380830620473
2.874380443032077 6.2473805040083805
6.7601001420951246 3.021116790014249
10.074478658252536 8.842786527319905
7.513163424188669 2.2324601495370535
8.54274042078664 5.961807330776892
3.353215856298169 7.321469278526037
8.677202927289782 6.567422369936493
7.24909992530176 4.3868724760807805
3.362168542118946 8.916208360584593
3.1577137199287186 2.493702311292828
