0.08462308922036144 4.82085624038749
7.311936985966087 9.948072571761712
2.6063280387768852 6.352125796416974
3.1906448560549787 4.184713880953479
11.959004879249704 4.971600859218855
5.771187151426428 8.891332526566073
13.954073431027105 3.8252904965642753
1.5146079375639836 3.4286637343206703
2.9858835452196555 7.448722496229889
10.21695855061309 5.0514340648332094
0.2619920513152696 9.66092252357217
0.21548063882208268 5.274495190953211
6.906309992364516 2.6189426217753597
14.239953464263378 3.4306050045190717
9.041720536901359 1.305626010816987
0.8390234387629185 8.402254112739863
2.0619073048160192 1.3525353801469742
10.509430496614874 2.149016899927222
12.493972827143853 0.7465786398989394
0.49891189798152524 3.7927935098954793
13.87136575761513 1.3446391670740065
