6.565909085636873 5.357191245684514
2.3398663987491073 2.430018084393215
14.774227940495711 9.064322062730888
9.886733357355832 9.06421751642991
4.682468246998317 0.9417421251504177
5.851623529408618 8.796037337143668
0.4515176157236773 8.749762434510608
7.323312795412797 7.444458812709382
8.434218353911177 0.9027115145509701
11.740305259494425 1.2759521760008696
15.120435049326268 5.116771653147454
10.32523934953142 0.14502442902499801
2.1957813141630815 8.174061018341094
0.9304412637002759 0.41978368526638943
1.3856541022304736 1.7433342140649977
12.009755216635142 6.651497350775334
12.652447830839753 7.618151559688505
1.0362188029535098 2.4723316102498294
14.85930801500467 5.35447004549779
11.26379774299932 9.77033459732613
14.830464644690247 9.268384771594633
