9.674719529199844 1.6083100688499996
8.778373865333679 8.543594735178157
11.78918214617291 9.9671335425975
5.4592916758087995 5.156867293291238
10.096273254829269 0.14880490799124235
8.626581615342168 4.700635774965393
4.459401922602073 6.156160365740815
11.540613868494892 6.702224609515043
14.501697582718705 4.650290283523227
11.39319722367024 1.7949301682389784
10.446109537294019 1.3200131991308561
12.73567094380956 8.119756340564916
2.22834409092113 9.249449897368734
7.826194885204835 9.132319726907049
13.840790382635802 3.5340365097167625
11.66374515844083 8.815269795011698
15.98307428147877 2.5338585638618505
12.623756117483202 3.870305267206726
1.0887554287223473 2.8079565596480793
2.5474939017125475 7.2216031025014775
8.724824457191561 1.5198618487119575
