0.20374157314940433 8.448286534336077
6.181919138850592 4.0799213983592155
6.8194256848503 3.2713324219218687
12.154962752793157 5.291720724061698
0.1806752854307767 4.106562849806736
3.6000158941849065 5.954455821268306
13.43007032483201 7.433668784968451
1.9681143358579813 5.005019888828461
7.448233655054549 4.395869134482585
5.904945667313843 6.866963491790639
1.9470086721204272 0.49889835985634123
10.295599315586225 2.005357719917038
5.738259923291327 9.220595617948884
2.270366476828915 8.497903132121952
6.492057106466497 1.9174334189636766
15.75814714270097 6.076639106708614
3.55579576526903 7.6341532728618455
5.9285373456151085 5.322583483160743
5.705037281861637 1.6351291813548963
13.247164004476266 7.066513804477977
4.169530792408292 5.276875777513274
