1.7278958829924225 4.476083914045418
5.508477021913514 4.5904960481435
10.263491582809493 5.10906791158123
3.6080729687625563 1.6692365510675833
15.099124816114095 6.0185977392061005
7.244150626650583 4.276432864555724
14.564173415083689 2.3542271752378396
3.541280141702341 7.106267146432915
5.691769834727257 5.744871318116061
3.6283867746110765 9.278774982657707
13.201368100689347 8.20027768316946
0.6749124465071041 0.20881750849962577
1.1377193087200155 3.4421133129272086
5.200182788285042 8.510341020301643
13.475863119199289 8.347897017278743
7.728418973334572 5.589287267732117
6.9825056627222715 3.693873415577319
1.3586232377427283 8.015104957972687
9.28182092954561 5.454250234133969
8.46195836745951 1.6126667055549604
13.260462568372775 6.7601200706966855
7.142491025423395 3.546429435481566
1.14913783333175 8.628138516808242
9.97718373457881 7.650320357561967
13.800797183594462 3.5141074940002337
6.497828199813039 9.153466846195478
