11.54602734582691 5.976019151773864
2.032187103823512 7.529723591663608
3.852365226713408 7.99988361029582
1.5093686879043169 7.714711212610652
7.095039534011649 8.0385004249657
0.2338912751777631 7.505887778942796
6.580377218759434 9.694582719786945
4.024318942997196 4.061770671129197
10.645100686490212 7.05807945994967
11.005841563678999 8.313360738786024
14.990122490245763 7.2259138305302715
8.21493014488895 7.46641546236077
15.702751444881171 0.039572472935712755
12.226808607655926 4.325973073030572
10.941171385578432 2.1607431710140834
3.660581690233551 7.727939925633303
12.169011708577203 6.639548434303712
0.70377358074429 4.382682392414701
4.197778903101678 0.6177871228481147
3.2293483715683085 6.349517504287567
5.051270010511809 8.551560604584948
11.416724988445642 2.318054804706897
13.961057313611924 0.5856522795115104
5.833996092207499 5.641428678175156
9.19712065543933 0.9013058610566682
11.527390965842413 9.481553001454785
