6.515811161897767 0.5917318765215007
15.591574688687777 9.881875393742822
1.030821793593292 5.972073530818799
0.18546576533417714 0.9374572601506725
2.3917608787744893 9.821353476972481
10.678676456672406 6.400927034064857
0.7982933889654529 4.3503073175858855
12.746688693502703 4.5053904934797675
0.5238435041797498 3.646570354980633
0.4769913645022008 2.664050982970718
13.803353482957556 7.061606715452022
4.26092861802352 5.500839817527662
6.423338363308774 7.022809153231133
7.102591089522772 8.727428675264498
14.835950989314732 8.56591357907394
2.0548006964230883 2.821209478387318
14.474006758448974 9.38447689172751
15.220472557280853 0.1181870475960467
5.510361642244243 4.384298180515675
6.423060721545864 0.2862687794646712
3.9196129177014587 9.450079742434978
14.544581689528513 1.3001148407429897
0.7959219887260929 7.116844495673846
2.8191760628346216 2.976851332237013
15.983610742940833 8.830907142532055
2.4827698018284696 3.7166664303734223
