1.222069700087589 4.531785223705826
3.044365846335067 6.747926156872968
12.588210595331264 9.670102842244155
12.479837737379738 2.675802163215173
5.702271534796145 7.975937386406637
8.535337541088024 2.400457824170501
5.311949507621179 3.445731498990333
7.549730576070356 9.855505528966626
5.941744263395158 2.698350640956262
6.270271121281436 8.10572560419245
1.2360056875755099 7.5314224193916495
14.33636648501798 3.2721181296291233
15.20435081828697 8.957910974109375
15.584986873258838 9.61263250974819
5.070247169115838 9.382386487098065
3.383508210194174 6.226542696475603
9.57402050707372 2.7922305206246634
13.231066063404434 0.7431842880298822
14.732868844385564 0.9754491288507761
14.869689278141026 0.7149189887211971
11.726590541963681 1.4789156645160617
1.9812467722808496 3.480900490954056
1.8000347112832902 0.3171656424779623
1.6481059491276309 0.8371303532839447
14.8764099273209 9.45349234795639
3.695587579606938 6.53436217157367
