8.872404367832274 7.703688339082221
9.78313634191952 7.998887092427001
14.232189481363061 0.8460553869846232
8.570108130125693 8.089225849978206
4.12265159385845 2.196970012966143
15.586797806810718 6.969595971981151
2.5805149184175296 2.0327613050645708
9.543631368987112 7.830120528717094
15.251963957566844 5.579332273852641
3.9316457349183924 2.5181222988839966
15.827729631313053 9.000288807339441
8.9459925526225 4.935575164328542
3.0899219359051795 4.557476766981567
11.478592494031053 2.2182787546815175
5.577076069888644 3.3721900262601254
0.9242319261785479 6.587467833478277
3.5277724495683564 9.067747021056464
15.806716860168443 0.4686582785642679
12.94833328947481 2.8917781872879953
8.21143538830135 7.13380311967267
11.100344111224205 6.533635331403662
3.8812496320043657 0.35847006725383546
13.387723252428332 3.84139595452024
13.855136545236626 6.9191235413772025
5.414991596629232 3.198860112258015
6.741933545646015 6.170627569578528
