5.420900275013359 3.967757511334983
6.941117309475624 9.619471910259524
0.7427074677548848 9.64296199135401
1.5004911947240913 7.655564786450824
2.0758319247494743 3.163058676446208
4.900451007536278 3.5509827654112938
13.739703551419582 1.808814332366957
13.941564659791823 3.7502086661560643
1.1446373961313228 8.781495587119538
12.274185964827229 4.4714679185173765
10.462790913457479 6.7725001908031075
6.398121745330888 5.482965067095766
6.460446928613152 4.789898144690268
11.253302353782981 4.150524243312937
6.465077087336814 7.718166333357084
4.676007669734384 3.45842344486901
6.84285387566791 2.2784919180578855
13.935818009337192 4.00184945708121
5.253099160397035 0.6217306460513727
3.578068426212626 6.037749259035556
0.771397095179239 9.713246474146652
15.931447751287203 1.4120615911182388
0.8050920247020201 4.197931394103685
4.252592034743532 1.6530356563429416
1.6462578980307399 4.878270732442803
14.029075232491815 9.859741685638841
