5.948870991929425 1.2774860830594315
10.450866900783273 3.8409492737865025
14.487093798052044 7.931587938693757
9.453879850613994 6.589725546013439
11.404836304661426 6.608536428782468
5.615178639666388 5.407067603054729
4.728580137807887 2.8372626045162583
10.785010127255203 4.2734912847357664
13.452182447049191 2.200638466859272
4.17337498698204 8.650342829258504
5.729157764221258 9.722837823072496
2.1164823735549927 8.571502379377694
8.83949990728625 5.366796813723045
8.53473013705059 1.824258233799536
12.408757812674093 4.035772655735114
10.020099634165467 6.416922277871173
13.883023390656676 9.267503353787369
8.595504985072743 2.0606541113674903
8.405945203216985 9.99103753285765
4.673823315411674 2.3646273732832954
11.84479077329635 8.90513046800733
3.12506132414431 7.1283330022000495
15.256217602028883 5.634963809730763
14.157102675570671 6.841529750783123
10.682874139230755 1.3522175575559026
3.6212226559883085 2.398989561490575
