4.278699940340875 1.8289286289940898
4.454140315844683 3.534662110426959
0.4719583248971926 2.717676657355601
9.420846758877827 5.193144386648948
1.9699537802467564 3.4526725327392684
8.821386235626292 5.253240325514401
2.1965668214037404 8.309071297207595
13.712295704254648 8.583310926689938
10.219628424031097 7.628549726793618
12.642400052148686 4.976264679196497
2.6408837839959656 3.915447060282985
10.913781266222786 7.403397898708426
1.783243937199078 1.163513454020243
5.367161183736057 9.82905185041549
2.2427198789328564 0.437307033553771
3.2371251742934692 7.454782371485874
15.075855439309482 0.3462761895377686
1.2191411106187733 7.554999050083751
6.956860241829812 1.4813824848676727
13.079954637750042 1.1759326143496962
7.329430917295985 2.2921362668604637
13.655200022462214 4.437408545018027
15.0872327226063 6.738140082201963
2.17291852791047 4.8132324691040695
13.35162473708951 1.3992004498538535
12.525119332562786 9.988649245287295
