3.81832107001774 4.051532386312797
11.6147284432776 7.06412208998607
7.461888743389071 5.2979728596756415
2.04673952360956 8.570283762521498
10.491447843961211 3.695624811482424
6.359412056506949 4.248846568717175
6.689721567939648 1.7159305732518038
3.6695998041880262 1.6428663507458297
11.570896158890305 0.4519492169126127
6.911788603500282 0.4319147856073213
2.3163075437126004 4.036249133318416
3.8310809087662303 1.873539059804833
7.268921225113013 3.583217578409431
3.1140262773659177 2.794465860342913
2.272799002379422 5.966078397043145
7.012801049185695 5.3706676937963564
9.171716838113612 8.671428681512312
5.56372505831307 5.593965532809547
4.77697118635958 2.9314581367475414
6.412571669030893 3.5264190355052385
11.00371711748991 4.231379084325837
0.800575453004809 0.0024846868647843134
6.777630354292585 4.09861282113245
9.536782848155013 3.4076981667190998
13.931857566502403 6.117165710227094
11.668544526697943 1.503971503013244
