2.001330068250857 5.70478953205035
7.828140801175685 1.9135862319538754
13.073392461157209 8.872539188129082
9.9286287159871 2.225465977500547
8.337572029463063 4.217174077397833
14.790618866837907 9.335944017088696
8.655173436516115 2.5998214728891487
3.9795678743407006 1.951372227842808
7.130787615253176 7.228947224627574
0.5443574311977013 7.13419530786858
5.06070354659407 3.6140163632998634
15.993054681686086 1.8567309774679919
12.036554014170065 3.9112272802381187
13.890140882323585 8.01480220222287
3.1865852905126655 0.1018842365176642
15.817020646100753 9.90876755717729
3.909159465112049 2.4950698033674614
12.339504582831484 8.04389991811387
7.020892340912646 7.331394318564564
15.280909323790242 8.044403893117284
7.161454739454591 8.655570410680987
5.16646120639315 0.6176985706997218
0.10970281296567919 7.950949010730529
4.031586643044857 4.061601269120592
11.157515230686338 0.22894797384320986
8.23496523942361 1.212191427399092
