1.4272946439475742 6.672994413017392
4.476090590264025 3.3507010086710998
15.961663200603494 9.588076626163852
1.3866196572145935 6.618931153061869
15.26289924472371 1.9625313776258524
9.248147957193385 4.520149350064462
2.736767449174822 7.702125109127161
13.78596427826153 8.636036733853539
8.030204558186284 2.8499955126789445
6.079770381603161 4.30019616159028
8.954021997478373 6.781082293702983
8.044969604912296 8.509279633865441
9.304245052208037 9.19121585444506
13.848428248835875 2.280619611693757
3.8227214861185086 5.766791931259116
11.744590869267181 2.7377017052678054
14.782603110219432 4.039175540245209
5.831652477988095 8.15896904656319
1.9902600626830989 9.961122080339113
15.02242658979791 8.823984298256967
7.848543103266964 8.844273354459165
7.158951052934595 1.4293932546589772
13.834347426182873 5.815889306230937
3.1322134696215382 2.5367136712774396
9.50961783201179 2.9581751070014817
2.846372631890837 3.008273508358595
