1.170600112896059 2.631622576524996
12.694494779624913 3.202748341878131
4.386791182000302 5.133155809087967
3.3609110011066115 4.9534171436473855
8.782882660630033 2.1082386863115166
9.41890435486684 6.413531334457638
1.8193803127657802 8.251771895170334
7.5107919688024225 3.616517474422407
8.930079483902581 1.1538812977881774
7.977534312341305 1.069724002564455
1.6041341285256898 8.953880734318826
9.406704191066982 7.404397102412225
2.389667100027065 0.5751866026939845
7.382058734859903 3.0986605994127836
1.3446081657196238 1.7405830710668224
9.457567074625597 0.7760529281550688
15.079469385112398 0.10870747633565103
5.870182319752363 4.082873785222107
3.1185565353053466 7.094310620448988
15.232936257578881 3.28432222127479
1.2762867368023532 2.97584725537709
2.081060883281923 8.481563481794241
4.582952338041331 6.011756096201861
4.093632561841918 0.37850608817358244
8.344612822885273 7.588484867884199
13.487227270968834 3.0001225598306247
