7.617554627802356 0.5143482659737952
10.112952005753666 2.891682141584333
5.948754500211196 4.88951689193149
9.79361224480994 0.7144978084311326
3.7345264338816655 1.3169836972093452
14.040672991566108 4.658368208414908
12.02316679662567 7.1092959966523095
3.063505155005444 5.808702159545378
2.1445013826980706 2.5277262607528317
11.688576643857248 3.0927710510490405
11.587717942025748 2.324699633959427
13.451938110789328 6.819740389934643
12.304115864783633 8.704993158558187
8.883931514541201 2.5777299994679916
7.44842304959761 0.24613551371284847
7.126655736382199 4.0121117438047165
0.7691941135288065 0.9650429730072274
10.270307376426722 0.5488059982313354
6.250435682928446 3.10637703699445
0.15626701832947276 0.7438957540864533
13.232564888609783 7.374305640372897
4.276055238138804 7.160119478582837
2.234750691536439 7.292360179516257
1.9576625639942122 5.927709290006687
15.963207750300791 9.402956739567795
1.2953236325678432 5.940402539688772
