14.226780712058131 7.037772620363231
7.716951367406622 8.965476735669945
13.255142035570238 1.8328234930913756
8.76245578708449 5.586710085227374
6.1362054026270005 5.797622742250644
14.90449544998885 1.0698732443664083
15.025159007733313 5.3697905205510885
11.58106542516929 3.511430492986868
0.7792881881861646 2.0287977078695207
2.959652598802826 4.855583602638359
7.7371030938367085 6.158312208285949
8.676675087527823 8.979168932237346
13.182746501122235 8.344524747695624
10.15243824372668 9.68400846604496
15.877375526543412 0.01944921167131075
8.011491955287799 1.7797173416166878
14.775799895972282 2.524184074400523
13.312412162964975 3.944584540206991
1.1149957909150476 4.401499204662024
10.670615134139789 6.250804353883888
8.058573866154664 1.681318326510125
15.83848612001351 6.754426334049865
10.844826115055778 1.6100437484391306
13.945223009375352 2.2693820883891727
8.274681255275045 0.6089304150194863
10.059329056641145 6.727716784275842
