15.7335925923652 8.683893751917722
7.317397423172828 5.090947193451939
8.882905772176391 9.537178112658527
1.3160526120303953 3.10595085270268
6.815543651664742 8.270414549435161
10.450610730916656 8.046939042005747
1.6380190370424987 3.311082609450814
0.286911223434009 9.235107788408124
11.505297942975949 3.6018512426281246
8.077872144739665 0.09746824286419375
12.536168475236934 9.181268037611762
4.115441554865736 7.017202857591664
8.198839964835708 6.667719104942478
9.16000166183197 5.252403059489267
9.452995978352078 1.0697698593140104
1.4141776478394874 3.1326123102482506
1.422137454284421 3.7841271392089926
1.3052747458180711 1.6613758673906787
11.28776803396398 0.24149657770626942
9.422292108100747 3.4922604615822728
12.028294646162058 8.011818941489262
1.8528095751722802 3.9973995750172406
5.671620392499211 6.375741081344891
5.184583137565401 6.467091795080576
13.320428976856522 3.359705939318911
9.419357517763018 8.166411119808576
