12.940428192506282 3.6131022446209737
9.780011018432964 1.775488581674567
12.503618795438497 3.263133218767067
12.010011998338797 6.638420095629117
1.4347965191209937 6.73513789449466
12.776690755818054 9.969572988344927
5.424064666993335 0.35870976369345664
5.735840158798599 5.851400405651813
8.653973079034277 0.3127624264825435
0.4987488015996888 4.393238602275375
14.044044945851718 0.7139273407808944
13.273427600921114 5.3613293134095485
14.123830774586768 3.563872361129663
13.056069771476118 5.568943132168202
2.5041997118943087 2.0108158451473646
15.525878033451695 3.0432290498609484
0.6945527096490345 4.410642120088628
9.324930390310595 6.911686486284445
0.009389366001791188 1.8934853698378251
0.09543706833557941 2.0895560193697325
10.208486187009324 3.0544914439104645
3.110909986208986 7.625445226282325
8.5340266393421 6.377662817497307
12.85558725897542 2.3764083112100076
0.9441462782832115 6.635213502091808
12.734383823385848 5.176989113330937
