8.121731606044206 0.8691438617077096
11.442523111497778 5.269332074288846
5.239134875656417 6.7048009396938575
1.9624945238804532 4.968882532795581
11.093971603235401 7.16420831915703
1.9254600523982415 7.433948454110552
1.7385173109906038 7.9740719278219405
10.571780191701924 2.387664584669895
9.112743567294638 9.197030905730244
0.7997806566543044 7.121358435380961
10.838957158507213 6.243428106233095
10.067815690893394 3.1649956623358513
0.3576968976671431 3.852263147220113
13.765248969236055 5.21721480021407
4.369586423655855 2.3095725303953243
8.366455811793745 8.138997495488658
0.681279992550774 0.8516640767847727
7.696575027846183 7.736798103833581
10.721783219213362 6.428694663177291
12.778471000498115 2.1170570404125675
8.82570890466874 4.190027294669088
13.013128952152334 9.669221832670514
13.21957994321706 5.644715735168103
14.70213084470417 1.1019309594943438
9.270245780152674 8.933323745163722
10.392507318095134 5.967490268438574
