2.763687922002857 5.498026681341974
13.01295145719308 6.1464532594574415
11.08948523864327 9.459519758171055
10.355137536854821 0.8601704900848839
8.51141094535479 7.9098693959256074
1.8099207609693675 0.7797384463916868
13.585030742294869 0.8930829109804117
2.4611046005458643 5.167557208764255
9.046723580310044 7.859164709908736
11.596821409793163 0.744715577221593
8.979068309834657 6.876792191106254
15.828103492874902 7.9778932899425445
14.39604047683191 3.2809208033469806
8.34977034630181 0.5461403965852896
12.80268137446516 5.931370270047378
11.164233120521441 9.975771395143306
13.069524198544295 2.252340867371535
1.4105259113618587 3.3929648086609743
10.825463392672507 0.39321160718563175
12.811896110049691 5.9895354115379345
13.287217855313113 3.4151132804757034
5.181256728085259 1.1797031907377875
2.5125431512270815 2.9111531811133986
5.231527579766869 4.141637376818563
7.40261626128232 9.42978196937107
14.65857522673919 0.9225399435913928
