14.206324421706935 7.652014480592743
11.453102891196508 2.549866833748422
12.98154599253008 9.130759617082678
14.572351647263023 6.644834952506045
7.133811262883395 0.5653520600233675
15.665874463116774 8.044649681670867
3.9832498368787537 7.9998123511325545
0.9231811312946121 9.858414379591407
1.9677278206674256 1.0323880889195536
13.389610186897432 0.6924202176526295
5.129814738983923 2.2052546650068203
3.908414210710852 3.708288577319896
9.580857832501467 5.252022617410618
15.734252515211912 8.97762612588288
6.446684057828799 6.362862997291453
12.188552597302127 1.0707617839177574
9.919726326569506 7.274344183858971
11.065726294023511 0.3138296050718259
15.12976111641717 0.009615505794944301
1.5309743424264148 2.18432827230996
10.48234920295922 5.0194250457818415
0.3039925850309171 3.0934070821264714
3.1757918787396946 6.890549636514654
13.873721545653307 8.43276914465253
2.3210488722715468 3.366305827058411
2.0732503564330447 8.563113028687052
