8.203335943419088 8.549781904799337
10.366921287962136 1.063029239732799
12.666440843891051 1.798691333161927
9.145999875950775 0.27710001414813057
3.089802696782618 6.958287739640553
9.74512264167408 1.4129910354084552
3.0421206947461563 7.343743534003257
15.981447806167001 2.635516334724919
12.688859328615912 0.564271385568289
7.5430508743289035 9.243095032492025
9.560837426043427 3.4943276918838437
11.510418207090028 5.6963411274150495
8.078903729422507 8.125624293822684
12.476331911817416 4.416206587674775
10.70359748949124 5.8857630161132715
5.404968884143248 1.8004731559154197
8.853671228819135 3.2367452692191137
12.219004918430969 8.44579901462971
10.556967994743655 2.6167533842895985
7.797970418815181 9.357786670487675
6.891434778082305 2.8949776025903784
12.682403789149943 9.593271935836645
9.235042015890956 6.117846804342152
9.29444369146592 6.080680124782896
12.396001818507305 4.256369414215494
8.186526590925194 1.2043541104698186
