14.886105791375536 8.956190334423997
11.270326230602505 5.057141556698694
10.021474620110254 1.3588430917560645
3.0894246234496254 7.132318965408898
14.823341388624835 3.5598529764087505
15.74330293078641 2.1905631574105247
3.0084552867446757 7.284178621944516
4.118265207334563 9.543051771456794
0.754732325455798 5.6802831355608685
12.838593426725106 7.411396408671279
15.355699687873233 2.2880724422310106
9.858285610715367 1.3017957054517437
2.328314517761804 7.400949689095283
11.12684624268136 7.750181367715299
13.968493290164188 1.8680136556965632
11.442486632004275 8.114042316726968
3.8884312120272355 4.892968973119
5.117506897536142 0.9829724598342804
13.764739025756569 7.521927947507213
0.17290476599788818 4.00590278836061
13.086646299972866 9.585781037616725
3.9224114726665995 9.519563349981023
7.4805956682573385 0.4953074199766161
0.23504532133518374 0.9603666332080862
8.821327981322403 9.933512897570578
13.290633733397257 9.66112436784232
