6.392838688084028 8.411163422763353
13.35881069179864 3.229485027015311
14.993222202694175 1.9551697442706573
0.341377799297339 7.352865346353767
12.849556168720163 8.495533090043576
3.1012989667680007 9.03280603108067
10.174190349567095 0.6944504168453225
15.108828202448649 3.485201353224263
2.9928739475019235 3.9066848060439208
11.787723921759785 5.726202601417714
13.117306951758932 5.749866515321052
14.036726380264502 2.354622047672029
7.005663278459917 5.253539618635823
1.8089013216825975 6.991061911624302
10.69972956321881 2.9983328490344388
7.5874676540787185 9.656843773285372
10.952082882548089 6.282013209558128
6.43677374147725 5.060098308541968
14.791384654900195 6.558703020362248
12.923993236945732 6.617844537107333
1.0912599834676318 1.6817927519904419
0.889908263301491 2.173062600895422
0.8999134964251212 8.013006684786571
15.166239951485668 2.293581972758126
1.8687591788274354 4.269619329217669
7.837692384071012 7.848506259774615
