4.5732048087936175 8.30585511921009
3.1170288571672806 8.176344947465493
4.2053219264519015 0.5877100185586315
2.7167275613323447 2.470765622246253
2.466976441444503 3.314714802287578
4.739302951904742 7.824411569346232
6.588614362898431 7.578229195131959
11.44778226871039 3.366618458793612
3.9911591464210012 9.653665549899296
10.532954725920849 1.034064200948711
12.28859233483199 0.298071954355843
9.88031957595634 8.707553729481749
0.8277571240956476 5.589352242494389
0.9913234778184101 8.237235044902146
12.383077254805439 1.492486080026365
5.24891996372301 2.7267257797918987
7.874624812783054 5.314959436055641
4.427740398289432 7.1029549252827175
3.104008053726334 0.5034856133106091
12.923385321862243 1.6051837829530902
15.260522316386524 6.799202267401282
5.634262917442344 2.5026343350895006
6.90034074302709 1.9079262596961366
5.055582081078029 1.9152230584512486
0.31520889634908933 4.772073293738897
11.905919376906244 8.1303925458167
