11.16755568988246 0.03459327725212513
11.275306802577497 6.395423514337267
5.313928959751802 8.0708556267366
9.175151277628316 4.914613273661956
2.9848088593528814 9.508555656969262
2.2517664860391218 3.2604214719588196
10.33092887512421 7.304332317633348
1.9989847877308513 9.196791867563292
15.49639584768937 8.504899297613512
10.163221941429136 5.445370764782258
15.309003743115463 6.989139071495142
14.200097676332323 7.003750913924863
0.24118582419756862 2.3846029723656015
10.037929541114707 8.388825579254803
11.536452850421128 5.78122114661636
1.8525720814623927 5.588924927487695
5.506918872155156 5.527508215998559
8.480412573315865 7.858708531326054
13.76434119380928 0.014033155414223675
7.409526562332118 6.842660565073679
5.676864769431241 7.908536385797729
0.11458839992838854 1.6486150263920452
8.698551254538199 0.6112299789680287
10.720009439506544 9.224077563987088
13.348655261231752 7.000707530727052
14.618674061689923 7.227664448400314
