1.2796983380757663 9.09906982002079
8.979349967410107 4.768433198504396
12.861528941257738 8.62527249030598
8.70655454122752 8.951832807224562
8.437752174324542 7.112614816076604
4.762725511629208 8.185043151432097
1.007555393867115 6.507217801898905
13.554871552901114 1.6981416082560852
2.5574905424952146 0.003381350606673772
6.172070226627259 3.317608718271127
14.427909830471158 9.057499170057998
10.599736885795963 6.29398742241018
14.072118870125713 6.591061876683338
2.326914531044915 1.9146923614149514
5.177029293959707 8.32938787564736
14.216546190655748 7.398517169709159
12.51484484264025 0.9449088032435538
9.75758884046567 5.90291142228353
4.600127349228325 9.92099998532183
0.24009335069592552 3.3174057041345497
12.44183628365402 3.2290520682991906
1.2465006907485456 6.515515747084891
6.710266539284374 2.7548768100125107
1.9300063775672953 9.460672836170415
11.112781926053424 9.33829411336306
14.966390398340536 2.612308678576939
