5.7473744146222465 7.4394240932359885
1.3578669518690702 9.07520146738175
2.2148737722503604 4.540717165581238
9.238329732812481 9.79465941772093
10.880031258933588 5.948313642671751
10.236559653708218 3.6298658157220354
15.50538377788993 9.456047378501655
4.47506666281129 0.5642562553603492
3.4790893929060243 0.5125895413379522
13.770156953097805 3.5653444512554
14.345767696353642 5.016447952209653
0.9662587725772092 8.751924048812185
3.5513442261940664 7.219980255494568
0.5469307052031223 0.2257605469785906
5.469907451089167 5.460456103820622
13.125025844930754 9.558064047948813
0.8066223576072318 1.9156880217186156
9.655592931671245 5.123299824968094
7.344990316291929 8.69110548601187
12.839726610142304 4.52663174657089
3.50549994286218 0.2994173892459362
5.5804296423085145 7.779497185667522
1.294631669512512 7.864077410392537
3.021415598068968 9.0421865387566
1.9714788838478796 3.2165848258682352
5.099930350501779 9.976487615617867
