8.5335809156838 1.078387649791397
11.69022560431253 3.6156765094944654
3.429310493650739 4.68367374317225
6.555025765249049 4.941195444934335
14.940684373719634 6.373119143962082
1.5296761504650682 1.229874113256415
0.5016068810013721 6.0560923032065705
12.359094690109238 4.898308001061279
6.553124867281504 8.902236907831337
0.47120654008175933 9.675563388916318
10.267129086218883 8.257312510697098
12.31290807775041 8.849745981615046
1.6657817857418848 3.2004267176104264
9.566537994724667 2.930177870473737
9.478296313971194 9.010580552252904
10.771124892899332 0.6167231276382179
1.969856622993106 9.735123260141583
1.1271665556716002 8.42470216087698
15.786248515155384 1.6218727411586242
11.264979043434423 8.080248057084564
15.22299474206853 8.430953173858425
11.980158859617294 7.703595064496663
12.449818151236597 0.9111272467805553
5.404535048014727 8.551604434440616
11.806413229362043 9.515965928340954
13.460017565136733 6.520373295082038
