7.184792834858687 0.09196258873828023
12.19925682194323 6.949042303156655
1.4139336531639817 2.860617896865909
10.933843991629416 2.5518738670399523
15.492712495682989 4.421011749200612
8.834539705699305 5.037661048762904
6.903607112652788 4.6546010905203286
14.675099966036973 0.23417698850621949
15.516408641397474 1.1460761895066496
6.888208281087088 6.925952109978767
12.80430562642267 6.57984642146447
7.84307253467988 8.903455816150602
6.955699129554386 2.4741093770963216
12.4935410970637 5.644854399122156
2.1483569640348374 3.2981731400241276
1.4285892810944816 5.412688194827501
2.3990096390892557 7.158895918992528
8.888118240640294 9.71078142033892
0.18625942777743276 7.161113981651016
3.2588797224167685 0.34479643503615764
10.050734507551052 5.457153594356839
4.837857307044462 5.073300397153307
0.8814539224400537 4.271790592633011
9.229726891851687 8.747103493618308
13.554888590381722 7.972155013113268
14.751897198554534 4.180834589364284
