4.822622535582086 5.623863882499714
10.918295594381258 5.2676464822110445
14.53657294749194 0.90737999552853
13.48056525867804 4.157727289097068
10.187262805751311 6.815846824300291
6.7308387182871705 1.4885215590163636
10.973296097749067 5.065786839468318
7.211750246828908 8.640863222311202
14.392049869767199 2.1437300141025317
7.4850743932468 1.7772177787071763
9.241266787209879 4.627785923617719
11.191178105616771 9.110410859616692
7.227818154442987 9.610835801510131
3.9330716866458033 8.504710125558475
9.853753330986388 3.535426871116508
1.524521084932072 5.480204245325432
14.152040228918876 5.163162323430206
3.5120468771090643 4.076159258940514
15.754049797563596 6.977239589251932
14.31709932371197 0.03755735268023974
0.6590435238329011 5.722288946063947
4.841922163669691 8.155378280748037
10.534004095594385 4.122289850319846
9.567972325914456 8.081677428019473
8.917647677627253 0.6150059559677878
5.838598518996026 4.332958334491898
