10.558152694537826 8.199644775310045
10.301388361136311 1.3971264691474194
5.3732641469885145 2.640336618422987
15.150061163703192 0.011504636251643552
3.2165817577107543 9.838276690283617
4.6842297534319925 2.0417636628420563
13.09533978095465 7.761953188975921
6.26206488314056 4.3675199927023804
5.210327504389824 8.324129394162513
2.5662238138405904 5.160390030914762
5.4047862750925155 0.42727155262093586
14.280821482477615 3.6087838752298094
8.422230336145665 3.3182360920501317
2.8544461459742276 5.140473736305399
7.4529569534009905 7.410508900742356
12.7285252108129 6.4343501807279075
1.2752083542467592 2.4934107604711375
2.851895991351853 0.5172264510604951
11.536845659432613 3.3058443141608187
8.269548966950373 4.912482210837691
6.9444347944758835 9.284232588642563
8.591924664277666 1.3816203904149849
1.4516198841092347 4.810122897747196
1.796710315344157 6.027260440346282
8.066297642442056 8.457933186827466
10.390030919076114 9.083703559209553
