3.005931104721064 8.784248383650633
8.576143220672417 3.3997726082916646
3.726131099366132 6.336907163033745
4.60899421057047 9.084900639987325
11.099343062639656 7.005424395204033
4.322675691037736 1.5015942743201838
1.3506771507030955 9.284845617492156
9.429476090854136 6.481987035345695
11.010669790187977 3.6032420464505432
7.342472886747117 2.608978941954586
2.0864056079767916 7.17734071191463
15.622437468312603 2.6095486062028095
3.2223715337170855 5.188266663023963
3.927311252990094 1.3189440268811903
3.67431894266255 8.73544665442298
15.881855504068398 3.2647270140648335
5.833315673375035 8.101171017319267
0.7456175673489476 4.1922202355745855
11.309589324797908 7.122916978360365
10.561422998713274 0.751044311466551
5.885889684133073 6.791587296463925
15.637106384554892 5.040688832436899
8.915722197828996 8.617964630106378
2.7706541500649102 6.614379472426721
3.813692880706979 4.243766747489662
9.669179106187393 2.2852325098869644
9.838503554767636 2.858001933076526
4.010215517078279 7.352487814197843
14.424901171325901 4.925900535394496
2.4953685650303985 4.510109682984452
12.69487921869893 1.7132568459369912
