1.848535775801679 6.525123770836457
3.1791167436473433 1.3121648791219365
2.0309315759067825 6.580744558983495
2.856641305619142 2.7917458101305903
10.936111719595877 4.872110866608891
4.3276380060339505 5.142287346964047
2.396650155381556 3.1909882165183623
13.01588528575964 8.834775511916803
15.187175641850281 3.7155286346902097
4.278307320478433 0.36013607817033333
9.95041469650691 3.3155575351884092
0.7012204539705262 5.368874775808274
2.7400519665632572 1.5894376567013424
0.7808977942541055 9.09540015780371
8.733999233052431 1.2659241240250507
2.35587368556698 9.378547128665964
1.2099650754298388 6.174990316855253
0.47838802138044123 3.8167780034563856
15.078156073930852 3.668956574386213
7.113045505107809 0.708838002509895
1.1473808727328088 5.737433057734829
15.26330122969295 8.671580494928268
10.407335615044108 9.785640685703951
6.907996190960706 9.577731123587188
8.385910515478944 0.6345293227982518
7.432718907379003 9.668131511423436
6.6679899372022025 9.85430318271653
6.222780049525243 1.6164251117706518
4.072498359613725 2.396971147027945
9.319410465371428 1.5940466078278004
5.7342395025841615 9.705015996290706
