1.788012633394434 3.857239696620466
5.111033918731179 2.9369788897616367
10.613895024712784 6.127167017062486
7.118828270663469 2.148079965841383
15.284901916630936 3.6019831635117727
13.708813218227359 1.5467998872130928
9.187690222171089 2.261862755196007
12.427220485146194 6.914775719970791
0.28285047646281214 9.770881902934423
8.958346375542154 9.436302549394998
14.431524026842183 7.468690884199227
12.363781659426225 7.9397882638286745
2.473214246280879 3.292003569215103
11.816616051299603 6.028672728739752
0.3639285404326813 9.689237126738387
15.998671288761537 1.2344219759714625
7.363331135618228 1.3637270593356543
6.623165837891538 7.208651594724267
2.651520055294956 9.24864352202275
2.07854369218936 7.580936255102358
13.526314665403197 5.043285559454398
13.19031203552315 8.966405159772942
5.331499647836049 7.002348702018134
9.319507993730397 2.419881998535036
3.141684384593411 9.639295806548859
1.1107907820490972 4.218585313361801
12.812466248563315 8.331850054859382
8.868293510944213 8.943381548553333
8.435890630573693 2.987776795228619
14.615621612250742 5.376949929361501
4.623191466570336 6.080205350525834
