8.002510848482288 8.168082933377791
7.70014314545411 1.0007363698644456
0.27019015783949385 0.36979067237080665
15.368646085479583 1.405139017334387
0.8463578165000811 9.712239191564336
6.476800208410872 9.55803319500588
10.030330615984415 3.0009753481127888
7.916740585192029 3.6910664551710437
15.131850874881192 3.8879720432845586
8.813721338764687 0.540216442914172
0.1439634226137727 4.771926145515173
4.238708844716436 3.8693414227581413
6.0109933929173796 7.106079641312589
2.5072637990129643 9.604633796895389
1.163963568640817 2.320617870944365
2.2571440153417637 4.4092284993072735
1.5685880825040819 1.3197629287145929
6.306385747833918 0.04745809404350099
14.405689488882562 1.2331718020469329
4.842711204028985 9.094126645282861
6.352705667256037 4.593343923868622
12.45841164331724 5.175900277825837
4.0603560821444 7.467036717914103
2.5957194104194823 8.658253066521507
5.907208253393803 4.50744031260486
11.790745368265203 2.124906602748945
12.476281306021868 1.7955722838433352
5.317177170997438 3.7530536677740134
0.8572602749728411 3.5731183066990937
1.7436003001239548 0.05422422093494084
7.62695494726437 8.957189894954766
