10.564918122873351 4.529771704353157
6.086034605998476 0.30843642222432743
8.862260308071248 5.419033846047556
7.338832216652355 8.278433647392161
0.21669029172358734 9.22415580253303
15.57941905033937 1.4943135104440741
13.930485725128163 6.147430576426696
14.566069226027114 7.471038182199662
10.633064145387912 7.821078105009419
4.504856718907991 4.978618627513645
7.828840500906146 1.5895906831357154
3.6674528417164716 0.16051117020644878
14.13550747268179 0.4648306754550069
1.494810331055536 6.981005860297168
13.84140149677132 6.9686610145031045
11.403366086737197 3.7371731197217706
12.539810592092126 7.731074262774136
5.756109053285796 9.220358866259438
7.314214866874085 6.7264441143630105
6.418410467651524 5.736348788531042
1.377634401116385 4.206589487575552
12.20555140528449 8.38890681855664
5.454345669870817 0.5485479514161173
2.7003476081119953 2.829959751989748
7.917360374617266 2.631568623022762
5.926037807326097 0.17169427767427803
6.626438182753235 6.964210651029587
7.182466381895056 1.9401980173322986
14.88523020443783 1.8422677754297756
13.893229509827423 1.906589774700369
2.414430412286789 4.877572692312774
