6.207087501630779 9.553088940178284
10.440459012014504 9.772095291080614
6.489706409052413 3.897113114449493
14.11802686201362 3.474355254104352
15.515823556447279 9.034865682019456
10.72247585351852 9.051786870158391
2.3661507806494573 6.866161058084402
12.108755047777645 2.6475410084759443
2.502419142806561 0.052037784066391035
5.850249547689801 5.928643194128242
10.084481292628855 2.0092265783390784
11.656666729137232 2.838725804039297
13.999748808998811 6.295227727433965
15.352545886640153 4.0994996219703586
3.2971748370095995 6.694883383567251
11.882448649221638 6.517968654796698
4.020638368440313 1.697354781913013
11.53652555992525 0.8211613294315212
5.689988437476925 4.163350874594222
15.999948267539983 3.1381151841816823
12.80044779045826 5.739543673454478
8.483681234412757 5.3738796380877005
11.17232178451555 8.788305643682936
9.488905470439855 4.351549976293355
1.2828135212325993 0.9910338837984622
4.76672797965967 8.303150285832324
12.407909502614269 0.23356387448754568
10.85771054163788 2.1942918839149916
11.763034750959893 1.527466065983033
7.917896188867738 5.677318166140876
13.390868263936333 6.336248777282389
