14.281702018869872 4.198044657764164
14.043277038470846 3.652111649702375
0.654921467597962 8.433719272810558
1.6301574898149713 0.22744246912148047
9.323057209612026 7.342524993721941
13.424410336098779 2.975660156646031
6.885705608871717 6.148238739096611
5.839499715812996 9.396180216267036
9.213314791742832 3.100798198931888
10.730568979245342 7.211722600762615
15.640841772977224 3.832807539127204
13.69661207273059 5.912614802941407
8.05872239903836 5.86764626050055
14.890482509427155 7.5714415252388445
14.770261794750194 6.628058079437336
14.647907507142017 1.0657791407438921
1.3286802651509575 4.6712477916815365
3.875674848491826 3.371236033022634
6.412864435362961 2.0584000336082253
13.68831286550645 5.31223734419883
6.368619279967204 4.938920306746535
0.10917733052500012 2.1014353437446545
15.077833694749119 2.3081930645560322
0.4955904770843844 6.668528249555465
13.176074428971258 4.26307735383558
11.182813263655051 7.36002720848977
4.409709777678218 7.081328490025146
0.7825906481750291 8.249408844647526
10.619206792509031 1.9475189457112474
5.31736887305027 0.29939358130909866
0.2083805307522173 4.269902901674043
