7.33720820903001 1.786664055662207
1.431555655808424 3.8943355854889807
8.850754084475412 5.284457284324859
13.150343614619468 1.6629061851800897
8.290742421442367 8.497638104276575
0.8584454792250753 5.144140815185748
4.240339593810942 9.674956141471332
1.4552914065171159 3.5732204106255416
2.3427066030476773 4.043176791157954
12.36147809486271 0.5584917231024678
6.617737699312174 8.494552613299305
3.307948523672671 8.666852304771645
0.8095940298082702 1.5628111732627847
12.207124995591707 2.1026370858469745
1.6705623902386044 5.434049936421377
6.408943875722374 2.739988565916792
0.37176227193589106 0.13366164986995166
5.44943844723956 3.732607261471399
0.7032217482111172 3.4442566201091407
14.837654204929013 5.113018362676968
5.445874128407363 7.643421520258634
11.606491467868366 7.597901065887916
9.675095387616107 0.2994192149468444
1.2016698561838837 8.56285169307571
13.859758968852367 4.028762214466638
14.636835121806298 6.4389980101070945
12.326838965752899 4.58007158660909
6.147406649732911 3.9185671869462158
5.202774345176232 2.824498301157096
15.340073208497364 2.076100112494912
6.586319982099347 4.729531797678056
