0.42026509672804124 0.8800275566480875
13.73644292600445 2.9364914235703097
8.06889965213648 1.137942796043826
13.917543794331943 0.25539359745772705
2.1246124072587023 3.3168930630032367
12.98080200925658 3.1364148876326325
4.576190464884961 0.8846014098782051
5.795438380333495 6.930338182503368
13.165070199939697 7.857009477012714
12.070600297293268 0.3119775075533493
11.293463751587135 4.2321924913551
3.8750763122611147 9.092549074769746
10.39551493269286 8.272736223864767
1.0660822746800385 1.526266026763058
14.62557047301563 9.258577026915692
5.853561459808265 6.079752985330591
0.9469829531191571 5.799732627352366
2.0159714956722716 4.867036991482471
0.5762158639774935 7.62763051304437
6.18686209022834 9.303610151587304
1.2767653630644595 9.240356117947824
0.5152889160898226 9.059266019411842
10.391127722546047 5.93843358294637
3.2307400353166837 9.198505558411835
0.8330297070858901 8.407677182457528
15.81963861456622 3.5799790935549716
10.706105404115508 8.603244229210702
8.826321683081627 0.17623163916745788
3.9562786280278015 6.116526487853822
2.5228722373695227 0.7205612205041001
15.838320432971242 0.0010800680093148163
