12.193397113066109 1.8472405483412335
2.7563104750029233 5.106201408551312
5.913769702530775 3.191520541537006
0.4186482511398726 2.061322722951907
4.357057401274236 5.05721739283977
11.654863728876554 9.44179207771213
8.305878151248967 3.5228423493221097
5.30737136169369 0.03939870054596395
10.688043890428743 4.856622465956784
0.8474149114669345 5.436446577638626
15.847037663217659 1.2885721261612504
8.152720167740258 6.32669374248492
2.6954657476732837 0.2013162604086216
3.6935516762470666 3.284784717659851
1.410527285607511 3.468072346992023
4.520377034182456 0.17238187368599278
1.9730014636146294 4.589520562107227
14.22669165403537 3.071018484654217
15.105534761737108 8.253354287117006
12.525007337801139 7.448814707667369
14.142809465939079 0.032085184096875
6.161750896648744 8.528700348555635
15.775898998331742 7.805820577179027
7.20809043031773 2.2421695955194276
3.5599408106602475 0.23892109376537407
8.104363334826024 1.2937742691348275
12.197402899657847 9.072031818070558
15.8944592989091 6.4717907847601195
2.253561842032216 7.68435683311483
13.023489301471432 2.8626610877371372
5.270918329522797 7.191521259451385
