13.589647379727234 6.249754498097087
11.082999305760923 5.720723250239472
11.750893741448989 0.27252094951458417
10.630459227134207 6.998885907650752
14.704824418019136 0.4163148061906419
9.960722399261808 9.481385390115289
9.949723833856964 2.3462673823592937
6.540818636456557 7.458169533331912
13.993951983244871 5.161198913480364
9.893436886132278 9.6639155423583
10.466676813418282 4.598234495527015
1.674290873256096 7.599815587710407
14.50230760370804 4.09187212261707
5.178243651959251 1.2522576021830745
6.9314200150188245 9.762427593316543
9.541941471011985 4.434205849105089
0.053842461503846195 5.001345872837268
4.777173544523906 2.164679552083235
5.46157730986204 7.9284069528510255
9.547233919925702 3.1415965613225105
13.384564575047968 5.511558244710222
10.513614681263507 3.89742392977611
13.206968704606176 5.160002127192186
6.494789148236379 3.385480681031633
10.743341700171053 9.143619806102631
15.395509403443905 2.9687801972066907
9.653117094229463 2.126219936625331
14.22422069245133 9.371269902574369
9.770603877084053 8.388588000152989
1.2775504073052755 6.8141533115968915
12.20294742517258 9.032571006635589
