2.713831334018762 1.1038385299155162
9.276032451028383 5.912398718158263
2.2455092109693577 3.11071709910959
11.63688479111717 3.8572512301021677
7.74822879770937 2.1593092248760284
1.0655203935912816 5.170823594349763
12.81529329391675 0.37363068710016045
2.2946574731058185 8.902489291399753
12.425128476608831 7.83342363311289
14.317465405731479 8.08999182964256
4.932351163981098 5.816411956156966
15.640342326045507 2.9724458753635776
9.234287145724004 7.674564439925566
9.919837921520461 5.807256845670424
6.579782935561566 6.018083603209173
3.4555983680442264 2.3020288891788443
1.6423220395592875 6.5575620574518645
5.9669533769090375 8.906922489341694
1.7915473864272737 0.23767757534675082
4.029163028201394 3.5042184857519643
10.805472737257759 2.646719615105877
14.485573849575902 7.201379843582709
15.760044907772313 9.666327567637666
12.955077573766983 8.8590166684932
5.385654704162036 4.033203746029843
13.025474800748768 4.707584905343354
6.337090382793262 0.8738693853775448
5.010178115187566 2.403931607971791
6.235558950773816 7.025637121376549
12.406878508282045 4.638284111308527
2.872409035742985 1.3039574459945569
