0.71394599935347 4.833595912998218
5.9333675446503555 5.386493504939892
5.993809021401168 8.181785970027068
8.60989219359256 7.149539609209466
10.475066923392909 9.860499639870415
0.5136661862639791 1.4960549929422717
10.097657479776336 0.9593721575772685
14.591280639280962 2.4651885754542766
5.0506280396476395 9.35181966917874
11.138075255411145 0.214464813380143
8.452557106497702 3.3442190361598936
3.854288433279038 0.28493959483014364
8.566209026291585 2.221251790454848
12.877487079839472 8.88186691986226
9.363038336781504 1.7579725088911102
6.540421607595434 2.2895571390558924
9.202418003179762 3.615774413078048
4.5233987601130465 5.847329360385145
3.626670108701653 3.2778586512823935
9.166128544068892 3.352360657843516
5.232530602961743 0.6546172806960093
0.9757293743440147 8.311409832042479
0.6611294092522986 3.533444951692686
6.173238263711282 7.574922414494
6.391418668026258 4.229385662354556
7.101201485013156 0.0668918425099474
10.88390633735487 2.1463374042183094
15.562936786129303 7.2575479072772575
12.747893360978424 2.741052932584518
7.140877433696032 5.654687919671439
14.022122250903958 2.2938364871155015
