12.974093106495047 7.53499158601202
6.467185892242856 4.587112125440592
13.8453440190885 0.6010652105530934
10.64433463931514 4.282616988510187
9.526571869684275 8.489180838022714
4.782169765034624 0.9485677706753326
6.338073366646578 4.484057558488602
11.272427985416556 8.085640363667746
2.0330968969203447 0.8366524027150379
15.445082966231157 9.973424618043294
4.161466616159304 0.7523191679100794
10.230799012858654 7.4263776547611595
7.228193679933899 2.2787562632568803
2.9458794958349337 6.791423087304331
5.526354161695304 1.1305015671435281
2.881541725222162 9.139495773774476
7.394459695799757 7.803767570725306
13.53117756751471 3.1957053127416337
12.138300930962014 7.899101850874954
11.99821669474192 3.9927614529253006
15.655926292818627 5.918182579597675
13.535423932968843 5.201339490782474
5.1991587012699 3.8348370768277764
4.407957317956397 7.716473991382109
15.547330685868282 0.3255837023153707
4.615627797277757 2.933452584862061
2.2539409023714523 7.470887402279594
0.9946695771690166 1.4437038945134695
8.909740774198212 9.408583226287663
9.639126165445212 8.519052827803884
11.011835587469195 9.020075116177924
