13.032238505661136 2.415410452549481
3.993237922460727 5.684791020045821
5.985073765255613 4.3977989567921085
14.201739389769433 0.9522602168139538
10.025124244299615 5.208479478624949
2.5538964249645097 3.837931832051127
2.602051468144891 2.4143674014151517
9.448822708037971 7.7173306024837505
11.517560512640355 4.015376516044852
12.819240022126367 6.961576792445751
2.5474654860888197 5.274407309474891
7.6187012419300295 5.805463612709723
3.6376472891793714 3.379235120066184
5.223303234955608 9.754446930221517
0.03566412004608566 6.378112747272039
9.463489888459641 3.236076803732547
7.832525866853734 8.864068971014904
4.633031974261554 4.80046149315182
2.171519772951447 7.365566760488255
1.247745994789856 1.568218036480551
5.716395694091137 4.889980947944243
9.690501554198477 0.039627671981319335
13.293594586064785 7.182784902331888
5.7769042964790405 4.754854706566544
4.897354381905467 9.793663957036982
6.88503437534602 0.5504151036383798
12.090510903792099 3.070030199436861
6.379330940034482 9.241103283990315
0.9029248612540961 4.772497642458598
14.0867638483226 5.440782824329795
5.665058996870149 6.083894520214454
