0.4038527201456219 8.799213127118271
15.85293885913283 8.056157842116173
0.5691614936425502 4.393858000975007
7.789889595317549 3.159893788152992
15.782966104608628 6.600877187872182
14.087253226585936 1.2421696797267323
8.661204762365188 4.788864691828509
11.617440102350429 3.9649686880163557
14.327031788965366 8.71471731377041
2.197391035061065 3.412536624874388
4.301965413920303 3.6074506929276517
12.235928350816575 1.8475906125574837
0.9446115035055058 5.468436193735547
12.572550979863173 1.0183832435733953
13.36011833949274 1.6079652138499068
1.032593886359539 5.678295964143394
11.91537420251463 0.014892079536404923
5.040470851709461 1.3232776455526696
8.682946858374914 7.755031276191525
9.127710670537953 2.6080734830252483
3.947007838620504 6.547777920035832
13.357752358037866 5.587655259288749
10.378159371291376 4.450091536503413
10.095852802093008 9.675497975450295
12.903157213190626 0.0811786871513187
8.538470602037734 5.112099551926019
1.3690576867898692 8.241983357646856
6.873530845585387 6.995557226081073
4.155787288355549 9.478640075483023
5.361804750536649 6.7267178133746475
5.728317465232472 1.132022930462523
