12.821741585627223 4.863073470745794
6.435011576640317 5.4113861310075855
1.7496437325699432 5.96903106258868
0.7656806548242283 7.738091098911353
11.443281255733886 7.13346022412789
0.04217414497867722 4.055280523760825
4.75298331201787 8.363381784384579
11.87028906683752 2.4851614708203407
10.378134666131162 1.932057648401081
4.220830606533344 1.6546054174757918
0.4803326722353134 6.670142947923644
10.231968827252969 5.511185107239463
10.859302156844011 4.897936038880193
13.214362745849593 8.230429803951726
4.451136478144189 0.8379769201303067
9.35074085654712 0.35408683184944945
4.709858923527813 8.174149554089487
0.6113217527220325 1.6079407853799321
8.080437019659422 7.844410057228322
8.911681838225745 6.623288028372739
6.819023598816798 5.454512042653997
6.689329020311391 8.694555283136882
4.959154386275113 1.1274870988409513
10.42474836546284 6.958719928429455
1.1087000797825475 7.2968913753392295
13.676110588291339 1.0295408813299045
7.7755343773237975 1.3168654132543622
4.578610292760281 4.170242847587167
15.99243191787371 4.930164065472674
1.178370753407446 7.345088731409425
8.820296528332157 0.7551573206511697
