15.537917451091953 0.7543879908366258
1.714779250799383 6.913693076117015
4.719736687940594 8.099185138205593
0.6877741101737431 2.7588678174962435
11.57417453099182 0.4512642259531763
2.602212857031269 4.288257869917852
2.5774060724502093 4.749853908154988
8.768567578342113 0.4074985923128449
3.312317988090962 3.796182491647145
2.304233886826111 0.904531847117318
9.085754402450393 6.507547136452696
1.3270216051261325 7.257877747374829
1.2939330067867623 0.8513573116266859
10.322032137843069 9.942635954905318
10.876670832201196 1.1059110681571727
7.312387513537043 2.512548833439449
4.46736019430921 6.9475428428372386
7.830654096007466 6.920707047007464
8.717649054391122 2.0477371703125655
10.57440984819819 8.68575819077144
1.6552408578441131 7.716962461177106
12.733035354454206 6.840120597797669
10.235495098115605 5.139689760584175
9.783046434733487 3.4514605350568486
15.726551500266385 7.543608063636949
8.201355894954702 7.821130378968329
0.8935556645236762 9.865669256833302
2.282181389879762 6.592731086312437
2.2255125508461333 3.281311542121672
8.95855449975283 1.5250672261255116
9.001699071233073 3.0947665320984044
