1.1408658566098477 8.179819007642052
3.7327888814346384 0.2025937609569195
14.642518106994187 1.8852873392191072
6.408397978386626 5.3855902579156005
5.374155280286322 4.279218295030763
6.275618457211829 4.530820720424345
12.297804900313208 5.237259225876984
13.912971621464733 6.741473272457873
8.256444151469685 3.326674091441647
1.2373804575534386 3.1288117876208954
9.949081732139232 4.942880179500326
2.1045648208380126 5.708711697431912
4.677402947636869 2.685907966308567
4.9412316019104665 6.870105632803228
10.624059038956318 0.8447752149449472
3.3263722905455797 5.987767737100618
1.3925082236304505 7.624344131907616
11.882368424841557 1.7918504659713297
15.781572772064113 8.091427715077582
1.8671108766198437 8.910380943544165
4.634047064617661 4.7371629225195875
2.2266369225295506 4.469855296220301
13.116363698615999 5.655688376165639
1.1865878355464794 3.19930490257468
8.697609459256453 4.464458481026465
7.7282493089962845 9.93456901254136
7.90928445217534 9.813171457840234
0.9354069932514815 8.867170521067752
6.662571848902637 8.589895691749382
14.717531188370673 5.40554015930808
1.643849186277178 3.665008079475087
