4.286059612706383 0.015796186033910642
15.668184605744848 6.795895477319135
6.103305203129198 7.430929450605448
15.9506312383079 4.716458680138388
1.5364580680076614 5.91994911836397
13.69811954605717 6.919409262585544
12.69506290290569 4.70787742945101
12.394646682181756 6.2051384286663875
2.8073110888932575 8.319946220526353
5.524841137152945 6.746524303077226
6.864299832920457 9.204035498681517
6.003343387960747 1.4637256686598488
6.111964800891544 1.8157740889295526
13.90934291104325 4.2697832552286545
8.016638492309447 8.199449029207766
14.28537144898463 6.7486714615686
9.284589830313333 6.451997120911122
13.112831262043926 3.470884896142098
13.475273150382037 9.911549286568457
6.220840444461393 7.975592885884584
13.178457972196432 4.692891405006147
12.715683577239329 0.5498133668323524
1.5988099084305905 0.36415502223948404
13.752332618773513 3.9553000128351767
11.74313802099082 2.9588207576620884
13.703166458749303 3.0637622947494947
11.02259596354626 9.070349681594205
6.663125960220739 8.477761296988316
11.163397616139111 1.0431753321327675
6.591945569517204 8.016327992230261
15.245877353567211 2.4124230302375835
