6.630379416813762 7.796473111480529
4.912168334953764 2.1770679755090927
9.424551965684055 0.4369434984513709
8.136175584490834 8.376658425345584
0.4698630137075668 8.35080722022197
15.375795853805787 0.9606351729887141
1.161626936348254 0.30301821464998824
9.309937806545175 4.053353844691673
10.7766392267275 1.8322135789471483
11.18969371345646 4.241413246536245
15.188644861712325 6.897184331469907
9.35830435806145 5.3218304109608
6.631857677575788 1.0987876169719424
12.848097445817666 6.478422850264885
3.280386075950487 0.38885409295061457
1.6936396737842205 0.14749898945258355
15.445183466496973 5.877541665833862
6.649689328686264 3.7243513122969385
13.127240477860848 4.650199111007792
14.891006731147481 6.5266800004485255
3.4239953700535466 8.836613876703897
11.829377742883038 2.075847924087478
9.799068002034138 5.262123539375057
2.7362648659373487 5.098446638972245
14.232945730947591 8.183139051750235
14.104602322667548 9.771693095448233
15.962348627228426 7.584113477828883
15.710302270651287 1.3978701161268914
7.196483296918178 1.273983894446823
7.098071792646525 0.49718249384770097
0.31722208344524994 5.0349270900728875
