6.4505983213445734 5.519445318305296
15.358695588880371 3.805420830509698
15.183417382469742 4.019979924879232
12.147679745580103 7.037169198158914
4.374798983201915 0.3966315416506905
4.635013329848768 1.1182705546972038
9.39588570402823 0.17432047239844706
11.204742745028904 5.622359729147407
7.424129300478681 9.722900985880168
13.069139605176195 0.11067790409348133
0.8554954746782801 6.1932291640614565
11.723522215550906 6.747802884700955
1.922121312959911 7.227645159779424
13.325332934668348 6.321447723012432
12.272133250783517 4.079068804340351
2.8905883207687086 7.756663694426736
1.59915225080492 1.2587118659408991
12.428020864180327 0.20232008484593278
2.708510375055079 6.4584172671282225
8.310858986785917 7.175838604525577
4.959275471644059 8.122748245638663
11.36533489816617 5.406891968071523
2.9024383374369904 3.5116713167718205
3.206838621789405 6.143033295364
13.144497776098195 2.5122139774253838
14.785593641712724 5.937999719889689
13.029801911037138 6.463118456471108
4.379802361685947 9.288500621083271
14.693988068282092 4.144548518467555
12.136969811943212 7.990082610566032
9.306102915500079 5.051251010742642
