5.736450111868059 6.672967020796666
7.927595184269489 6.449258420483405
9.345865225539665 0.9776261360997651
9.451333597845009 2.910489173552393
0.5399721392993477 0.28855490987794385
6.039168225411915 8.355833564416624
0.4257401874436013 9.787606182942895
5.020223151033775 2.279570827495526
8.296905720359375 0.7635173610188661
2.191233367353785 7.280053150993652
9.55249408648793 3.9949357184755274
9.43907444581932 3.105636897883092
9.66595820774782 5.772599073988195
10.562829958056943 0.5194383811485537
11.214141288091106 5.107285568396148
14.828511576704246 8.430954201063761
7.85819505860742 6.34311148731859
7.476712760347407 6.064265540611151
4.855310166794002 5.018163537304371
0.47892150691773416 5.5823287283148915
7.557585626491498 2.3602983766077976
13.258086647897098 8.216418062518665
7.752760973789211 9.77470846479023
7.403497609270417 4.864096069413063
11.181838400743201 6.599419127077386
4.943915431643667 9.400729203004333
14.476276941797286 0.6367063283323393
2.4577804655854223 6.899513470872526
7.909005733663523 1.3786441700384278
6.253040147877346 4.008996508851732
9.25041069245091 7.761575947769598
