1.666462988159866 2.4167334103644045
2.4857885736044594 8.355204095425908
3.7207006932164646 6.5341194072965205
0.9215757018574955 2.8820729401193876
8.132525107773956 8.131711540700596
0.31839086556248297 1.428128988489683
12.459949092645587 1.1415606186764549
2.5063375072649876 7.840387085987489
3.490564197465538 5.6428659931381695
5.33637266667516 0.8038519611279082
13.996900771737607 3.073644679988453
6.7846065112685885 7.730909095667819
13.207612609492896 1.33108689318447
4.836105793092322 8.073717197590206
10.344089984514657 2.041328164667604
14.095736044161393 5.3975004358333
10.374921575069463 5.755531564623087
2.423487735013481 0.986246357017192
7.017269188255085 2.6840834073446462
14.493916486844961 8.313333765879982
15.576039129455403 2.4123569213690423
6.115101810712771 7.21324836683525
5.607314543927339 6.009867480346431
14.671409244839293 9.167506240188093
4.191216571814996 0.6896386172939539
10.970886256733975 7.046285630036753
3.140079169624377 4.201337392607981
7.225216610193678 6.4251439216560104
14.129177477522079 8.798883461832105
1.8002580237814954 7.342076417242959
8.182211045172238 7.282331690744065
