10.166422105481622 9.076814439518513
5.824445448628342 4.537009983111819
5.982967151442958 0.9529164855428007
1.155624145130492 8.581839462807073
3.1806461907074954 3.4955069214332237
15.519092161919188 4.062323231131229
4.871926656687258 2.1368577195023164
7.907400791518436 6.389072883656217
9.201752241700937 4.579015678279826
1.4307939180715934 5.190305324924283
3.3275776162442927 7.3173945464339605
14.716059204376208 8.731779048907125
1.2849417994560177 3.57714989847827
4.045335431755555 0.2854749656673239
15.980011797801032 2.3987137024794105
2.0916811511806923 6.528028174651489
2.8609638835685676 2.343793988992978
1.1322625536534066 6.136153495362188
11.266680062608346 6.702831802220162
4.590196676703766 6.409749216681862
14.320165193234178 2.4924670607361765
3.4921269564729496 8.179383462960129
5.29002666805879 9.068381005600889
12.596250498037971 1.1680646174698972
0.6527574350026857 7.943559832959092
7.195878072489922 0.7821061305470656
14.114735671143102 0.2010292758467358
11.409079882763082 5.236313261379469
8.18832509788644 8.35999337658344
10.547310316067563 6.210666921900899
13.881312276697395 9.19078670362219
