6.662764201776481 1.3360555822207676
10.626136624656809 5.356749163887892
9.500033665094865 1.6022310490304825
7.610859070827113 4.320469844598577
9.045105278377346 5.296205149520831
0.04458813784023796 5.1309275939904575
7.774234741116322 2.5508211529825653
6.920028909694819 0.9099158253209061
13.96540409213653 8.77444127518425
14.718096503407589 7.86856779172172
13.896807993873448 6.3182437660225785
11.851671655286335 4.613543737446629
10.219535626177562 0.638023936167994
9.138354289520437 3.3722148682895092
1.2234143069155259 4.419958412170963
12.658397547922753 8.400580377210197
1.9507208757140244 0.6751491689944211
6.205946197902204 3.8716776105302997
13.653659838090158 5.874346530954963
12.632630494658368 1.6113835824547085
0.8335990688410018 9.525335334887068
0.34030936713447524 6.935842203403589
6.581651966789664 4.230680114290603
15.31406619993076 6.746277246043868
12.964268641025145 3.04791440980582
0.24094864320436926 3.180540858286923
13.03800973126661 2.4906969830331214
3.4660507485578567 3.511380375135944
6.71880846069336 7.992796475606081
2.432142817562772 4.502694622824598
10.29997975475613 2.509498595575078
