13.105823511020935 8.230389814356887
11.264642638989965 0.07468354750500117
10.29763438295433 8.72602289438646
14.449812069754103 1.0486910179433728
3.9092243681000376 1.7253374176597203
9.34312743651519 8.407770836074514
2.5926628985294418 4.322844417036357
6.063225958996885 5.7801838529893725
10.20042868331928 5.734995017055761
8.30269744342649 5.993900305989911
1.7653070600586727 1.2774474177503325
8.892481871175342 1.9627178891506636
8.982957996474276 7.499983160197869
12.9302676416722 1.2741525753264027
1.294975185766173 0.4297668060305604
7.651675435032464 1.4148256422830385
13.22823444946957 2.328184505379871
7.155896130125962 2.7990676582033447
3.1468381527892113 9.415629880045639
1.1552670965091902 7.322364051833282
4.074461199650324 1.0205475562718391
2.709111924012449 3.807989655020031
10.425881577167358 6.87087689618264
1.8861234037024737 4.197646815936567
1.8613350377632667 1.8732854706523239
3.69641286193802 9.363547964421459
4.466392868580741 1.9147420754881073
15.72964893379962 6.933185549743037
6.9115230921785855 9.563124695533832
13.773835511672837 9.300040125532544
10.237581502218303 2.5410093129316778
