0.3105751241436163 0.23865866795175106
11.811045507157514 6.78774229907976
15.143358464660764 7.479202767522576
2.89672302138797 9.856772679988605
15.323178950241772 1.388018489706473
10.472255010900861 2.3586061499821955
4.508506388056148 7.300115164484877
0.2293270062998758 5.5650779776494375
15.455991238242195 6.4916368238057505
4.469977203904939 9.981984711882927
4.671778355615668 2.6763385362652095
5.319064182780826 4.280564963684529
3.505141236852973 0.5201804810416888
11.365041976769152 0.958962691129227
8.230222407235493 1.750918955422971
13.969155191778516 5.094068282101025
8.94683497706651 6.8800622951194645
12.61967629131977 9.56947722157865
3.3032688806628183 3.8732332300101877
6.103064867895114 3.728984833786294
11.087731613030295 6.145924945091513
13.266073715020461 7.805696096523723
14.542701048773274 8.805607001893325
13.911117497252548 1.2015238521175142
4.144952991140961 3.545894639565553
0.9538002330786686 8.374607143338404
2.1577458971815453 6.403666443973851
4.5083083244335125 0.8663506531322074
13.35425947704983 6.429168521845218
2.9763904614642502 9.266475658800605
9.065149762138288 5.706876199018517
