12.111343672346148 5.733377480904177
3.623489945897516 4.052803888075964
1.2453156268291732 7.547185626759957
13.590017603878309 7.584507561234268
5.25825109847807 5.410931315979477
5.018528852349489 9.793895440121057
6.8344067970337505 8.183798304930237
1.437379464381328 9.470593395978451
14.16326755166168 6.906454515396833
7.712112805773085 6.795081326395216
13.372140025039803 1.3324112693850387
10.79686995630995 5.528874738082336
10.138381583520637 2.603517654279701
14.636863115403564 5.093271833709155
9.182671828349674 5.991267270879198
3.295916721826197 1.558705940544628
10.057367466006363 2.0003807914098717
2.373476955084369 5.672792902623886
15.45740398947257 8.775125021991073
8.074916017200787 7.135697655032339
3.5924198907756164 2.3009289560526316
9.107182144151913 8.715008853964527
15.158507375990828 8.71305686750928
3.5185762136212553 9.174585806472955
3.332480519057663 6.164187943033071
12.58893138713397 2.799967776775004
11.354624464299652 5.166044490456697
10.467206501117005 7.455165708162131
6.458217796485103 6.2419529011457255
10.090037415990405 1.6758472620244358
5.538771613889953 0.8286781201842242
