5.866251081867066 5.0412192840957015
8.130438342657003 6.234657220942288
7.73324244985044 9.568546043613447
2.4211331461192227 3.913384393153292
2.043614510512649 1.975571683537175
9.920622864137272 8.665506730131524
5.6763643228304606 8.547599959010654
6.082270954045759 7.092978563964994
1.7747942415595794 5.516963094216853
0.6182189910713038 1.4293242044948495
4.869021318648485 0.4903744929770826
13.95854336453827 8.213072136865883
14.909179443990812 2.247290945592809
7.138175692758995 8.089807504793256
4.419030262989661 6.473364205107842
5.5241333041901 3.7689454049181115
10.805960450425461 9.393414570450595
12.95948956520487 3.4804553163490937
1.1074568791022408 9.689889933245672
5.443581580561752 7.193443100333936
0.9179998492952244 0.11783981743572536
10.265485043798671 8.641757090716068
6.921797511877388 6.3735860557124715
11.246958418001746 8.49546337076012
1.4546919859538345 5.3453381686792945
7.076700258404923 3.402575968701221
5.931099851951824 4.154474099707129
2.7525188584315536 8.636983912110319
4.620593194457662 3.9972230163855915
9.356964470830977 6.862458042171485
7.84850805466955 4.426354793040396
