9.746651463683826 1.5449574739865157
0.6261600622122963 5.674458160852325
8.171161522208058 9.145906779640194
1.2335663159346275 9.662768068024661
15.14589466655027 8.418959066854928
13.475585148354327 1.5424529395837339
15.481146615160865 5.3685210604172635
10.112109657798305 2.9160909799687285
10.049757034949579 1.570299715120157
6.633889060418925 7.6069876898360445
10.858542444963323 9.577037584990753
2.530049501565694 3.0948398458404416
12.869625583451208 2.752523660353925
9.325252842490904 9.48811454885695
4.35516544256836 3.526970159552966
4.940540828304362 0.7975157572983749
9.709298554587305 6.444736712766788
10.230979887527607 4.68587958245818
5.815846080460627 1.5380093511589843
9.23354846196551 0.386986867928798
10.447061454578318 5.539553760530769
0.5208794750404042 1.6884560311065955
12.817429772407712 1.4714120589790147
1.2520691705964069 2.2215093986386005
3.8544734950951582 9.633193762809698
6.992267384020659 2.6301830921260185
12.182302190216774 4.60975114705332
8.917872695766187 6.45585080336697
1.5070276645360217 8.01452041499767
15.155736144868918 1.3975303894540925
11.31803163754786 9.716060669114722
10.483096694158624 5.122720539758553
4.0496043635255 9.931712629749768
14.215104642945185 7.820889207366314
1.5749955570882008 1.9701213336384082
7.567650625744518 1.7733009468417094
