0.17739454114832753 0.15517062144715155
13.345429215482385 8.737195617179097
15.959020590744073 1.7456431198270195
0.6427380888403018 5.490389278995648
2.8535742252120517 5.088168215967331
5.267604272903471 7.813969336816859
1.1306648391076362 3.840431605444511
9.59657827211674 6.882826411162401
6.490805309721802 9.234187131222264
13.724925439876309 9.670000644565212
3.206069736266473 0.3596902770925481
7.839508615942329 3.419535331707051
11.288408876010859 3.3551735385649675
2.473105894141195 7.464056137401952
9.592907849285258 5.399420600780537
9.498400509350066 1.3257277732204897
15.697917307671103 5.32898307354805
10.44457767059866 2.4882319127994004
7.801387462319758 7.180001649373072
12.447530808689953 4.501306907343921
8.645697497921592 7.160938598852739
5.7079091769013 5.77914529568284
15.951490073224093 4.243007386570349
5.5539255692613345 9.033404422737096
4.4828100616712145 6.487551735475716
7.865687952851303 5.8863250833287015
5.130579067323165 6.480723660292257
12.484777886533783 0.7727973555717271
15.455022799418995 3.638813730673699
5.549097009635169 2.580181451955972
15.40862620764266 0.6109072605246801
0.6857932820504171 5.214555862282304
2.1261756696313387 9.350012738528488
15.841998820398574 6.993834935596115
1.782096596747726 2.8349920192677236
7.330090518481228 9.932649248746454
