2.721843314661289 6.969107289012446
4.733877460376858 5.7254010100005
4.814966091767539 5.065508306501963
1.166668728321504 2.6956074172608324
14.315879619564502 2.132436513628985
2.1508099357216235 3.6938858880862666
2.4523075149761375 6.597847427282182
2.3983675232402355 4.445669954932708
7.741106442141156 2.140091968403234
10.881133015301767 9.459834701039764
1.7826475141489837 6.776979589367591
7.760031979841493 9.143908474721052
8.912327387145503 4.6947904546223675
13.76002749543329 3.8793989418954213
4.037071996643437 3.247888648418955
1.317884923588787 8.009643834531339
1.3180775247862258 5.377307648429477
4.320184088837131 3.244284353768756
5.884607914153191 1.981194211736207
6.766950161355233 2.840605569042621
15.943215723084919 5.449542074255267
9.62384867408698 0.13292198923055887
3.45907989598056 1.957956243778426
12.19564439890948 9.251618915632147
3.877879404825446 7.910912038215093
1.139385977741858 4.517630136912176
9.981646445490668 8.027912917915716
12.418623274121313 0.39482503059342644
13.983531095593147 5.550336976604626
11.604861891833547 8.18803089315775
10.281957340361245 9.768842119653929
15.537703842648357 0.09963330722064345
4.042478047880074 0.9241516914268455
7.143692471489906 8.481303470467946
15.301318034192176 1.174051274808987
3.092307516659222 2.7836960745241965
