15.927156333480106 2.3422344828406985
12.58613970253126 3.756183382103966
3.371257929173689 1.5254336416023029
6.627960297106197 0.4200327581623664
12.296244976521459 8.800429942359044
4.243068851280995 8.112441880766745
12.036211114716776 4.987989368610615
14.34217852923971 4.872473509224666
7.74023316122571 4.703431593561321
14.951241776351587 1.9698580464397075
8.980546654468048 1.0723485364616414
8.367216805996765 1.1649031626345163
1.8027795094547585 1.509364096652891
2.142329160825602 3.8135323912265395
9.477459397193718 2.8563058343392633
0.5959982526044687 2.0442892838523052
8.201496550632585 7.583765439375318
14.6436052707355 5.703856185843172
9.86018620029924 3.1296033794395086
8.844235229643884 3.3881057620455532
9.581341892402442 0.0039028250498951422
9.978091370870027 4.324187805468175
15.295832553642741 8.155024421465395
7.358407526517295 2.4741621624978913
14.61286794770449 9.383270527141477
14.420626766187393 9.350535045486755
1.2694607268330866 7.797271414359852
7.568131517064053 3.82896530465488
11.301214162278432 2.7225862372830645
3.605546732172236 1.8443230714651637
6.408047750823718 9.196992931151657
12.914599324836907 4.401500062564773
11.897413994407867 7.138184018976052
0.43273425569369195 7.222860571547302
3.7473924889986687 6.498032337780593
4.6434798512343 6.223144811298939
