14.831814155408878 3.0960442183231027
12.899879874814756 1.2144349498092544
5.214674953352597 0.6568250048405877
1.213897758150262 5.500705003850234
5.033606785386883 4.488479684364534
9.161588142490285 0.5383974582836804
3.937900773936569 9.360851918401288
2.1115598392845083 6.016584212214269
6.632215491887138 2.714106299145401
6.042190325367978 8.975830198576709
11.201984028177074 8.223470286970121
6.419591900969488 0.77937021251274
5.122416165284269 7.58366154927057
8.618282005923918 7.804072122003403
3.1655538393051366 7.695623405725237
3.2697662671726153 7.429214897718453
9.97305419078058 0.572294336764072
15.036186551143553 9.181497970901859
6.832037044606967 1.2549168892048401
5.776959644433122 4.0610583990953675
3.8715967798493427 3.6097697299805565
12.971705848148815 5.9652660624225815
8.805045983503543 3.1212553040734567
11.862625197927956 1.3619783194314528
3.0405079792059837 5.272746161512929
6.8698591691925 7.58238991395209
14.184961048643995 4.537378008446905
0.7895127138299571 0.3590090314427119
14.321240701945511 4.494626881887143
2.995621787917509 2.895976387427953
3.954735564048878 5.345863489702557
3.806059173674278 7.492116371481622
15.535127681934483 7.312792464136251
14.047462318480957 7.058918358277789
1.9490550673138323 9.972196852757572
13.378141446806243 9.335943342291435
