11.940853827601087 3.6058748047425118
13.515645822746892 7.358997697484682
0.46261007914650065 4.7972469561262425
3.6934074229068656 3.805551385427035
8.913448655567347 7.259311151898067
9.345857477400617 1.7122082725974086
2.851630943925308 5.687358599110403
4.221295354017469 6.294858846878145
2.8095011328510378 8.409298977511867
7.926584043705791 5.372792804252021
11.647486264787164 6.077403752340766
13.349796118248037 2.093939740161529
12.844603002801133 7.861881991929942
3.332744489413173 0.597882858386033
2.0318364477218296 4.479139936371421
8.848893972443916 2.316475299452544
7.679912272819713 4.243651586358432
10.405559228565094 8.068557861554982
1.8533450155492162 9.954873445320366
4.945716574627761 0.658621345303283
8.802393562638214 1.7031020044960932
12.066704597216834 1.2115515906830654
3.7711624080933266 7.59700909099137
14.845830771922387 3.860855782974607
12.571483099412074 7.021815852873398
9.609391715106197 5.280342957537113
1.1186752278404715 6.983814743685226
14.452700285585479 1.851542127499376
6.059912776646716 2.7489660664207616
4.6716766950979824 6.356304782363548
3.5795421926269935 5.207193064015975
15.19837654425348 1.4316270407624299
11.178006374406282 1.9035887305015653
3.738260720792754 0.5012025150261068
12.623433658139984 0.46229888322624313
7.094155166036744 5.970286863272084
