1.5428964030466688 9.568535890947237
3.5124798995647737 9.947801644574547
9.015985049632734 8.971515329019587
5.99958401346051 3.551265539080185
4.713437334397838 0.39450015196699884
8.034203286904066 7.095344078218955
9.628502304759364 4.328102203293083
3.1192839952118536 7.3646140690066755
11.198618664784767 4.10009170865136
2.5722835390011003 7.9669120503957656
14.458655814460268 6.527205026517839
7.56748642110993 9.008647615607591
4.855097451918127 4.885301670949476
15.996139192596665 1.8698229123592258
10.996077749995427 4.638136885061872
12.394917999724422 9.953741818197969
9.327905546270468 7.366672795118474
6.092072448363414 2.558365669324827
10.06188868740905 1.9595129739420258
11.163334917452941 4.5572445319557975
0.7739787897354233 2.989992007927812
14.69055492887913 9.117623535545242
9.480143770142476 3.774272369119819
10.938711762754393 0.2921033953694996
11.385157559163789 5.351412974336122
11.650568445130327 9.87970298500683
10.97425185766799 9.043341235271962
6.485953693010334 9.464859899630408
15.85830190693114 8.933702681154838
1.297038870922833 0.7630891762226066
13.455048074699107 7.932046246848263
0.9116462539737995 0.6971355889479014
12.914567899673479 3.1432952141769777
5.784511081305563 3.908083158869596
0.3208981508036768 5.46414720522435
1.861072434561935 6.456169590601935
