4.091097169574553 9.249523448641595
15.37614243605631 4.823405162725583
15.900537676337747 7.2785660573200195
0.8359070546716101 9.37590183983499
14.560913475330763 4.206603355733133
0.36575325256874436 8.304828765228399
10.851184933283655 6.366026253769116
10.099588730317882 7.413920684149589
8.878192226828714 0.07081681158329411
10.688378140102287 5.278993947668478
11.044442176853472 9.576678822827429
7.8567758881010565 0.2601421232535883
8.52819824489009 2.6282042250086493
8.021278500310398 9.27797345221526
11.7670185364674 1.3006557703365873
11.147909699786776 8.551294190608083
0.3211741042377749 6.512737959575886
0.7732653528183171 5.777430624343506
4.016219945891658 7.805039912201957
6.279567602571019 5.312386087826637
4.8053299570104695 5.873682960948811
4.694576453664833 1.935627710538893
6.12302098489616 1.8288647592190443
4.500936280411919 1.60639462301027
8.808815297441704 2.252909529595797
3.703713324756606 1.254637950045333
3.417465074239031 2.4015323454712743
15.75599287510544 6.6207274077645835
0.29239820942159334 4.996379586515401
13.794351403775254 7.4695447649120155
1.399137538123771 7.807951885182288
12.799752271722001 2.8768604405092635
13.318151756762342 3.7310055529332997
1.7825291056566304 5.156178389941552
7.846487595226298 5.243660996089304
6.359647690109792 1.352407643927912
