3.967932017976956 0.6245127017807206
13.534730708672182 8.976737403151333
6.046740802533945 8.168797930113394
2.446076619112457 0.4534200182911352
15.22442824182505 6.7250077350211885
11.657609556305548 4.031760036310979
8.573933024821752 2.2753031264721093
14.685787683021271 8.790723453156588
6.507450311476825 9.540365205406832
13.912281379053246 0.2572937231324002
12.303060234869848 4.143301901711042
9.62561363180843 8.040157606376878
10.033371014375273 0.3093170495777897
7.817962643104117 0.6654619986437205
13.32364932012394 2.160036264891534
9.812773152968404 9.551283764224532
10.673073475898248 7.971849207210484
14.76692913128111 8.553767234954258
11.17705746417711 2.05530714850372
15.236416642568827 2.487807362984892
13.674527949925881 9.4240212883529
8.143613695200166 7.007899361392695
6.630652256440019 0.5191472120190121
15.45776344532494 3.1148523654539764
1.4700085526337467 7.769298213370227
13.836949654596596 3.086254296019022
9.576800663685079 3.6336719277712337
13.302989107651134 1.9158762552916486
5.254786323030782 8.960675483078893
12.941105836510692 0.8993559908795401
9.183623117708063 6.3783332514953734
0.505531385244856 9.992311020694812
9.792066789005148 7.520191554817162
2.341669019023506 2.122964683429508
14.479614584681066 2.8616832465704354
1.5148014181330414 8.399362946053069
