10.131069469300016 1.8553416978530057
5.680976710462955 3.563086098152138
9.720317700227502 7.444914719576959
14.31683731381493 9.233579079706695
2.4647329575541725 1.9620390341875227
15.886144557331422 9.624335856044166
3.2454449320974454 8.91651438229528
12.238233645480646 3.05545701583235
9.973648063987348 5.338135141657315
3.475410018755694 3.2681453576141726
7.229946266484911 4.31431181183613
9.911213194878544 4.124213268207
13.788684839418682 1.4724890162341064
4.820514521657135 4.4054814066896055
3.900687020225581 3.595282900247556
0.257625175281353 9.454835042071258
4.495156223365784 5.509813749781175
12.37868980008092 9.08626732534197
11.373457327247275 8.309466254977908
7.536776432975788 4.279448043087144
8.71119966234381 4.4115493476957415
6.509847840802497 8.16690763539026
11.243862441422252 8.626732881387
10.66921631719679 4.715261844457225
5.0249985503919525 7.86849841029329
1.8407751077675165 2.9223085498626498
10.4467353474867 3.3598829831696575
2.762182035433609 0.3515257558277285
15.936944200708997 6.823373220868566
0.49999798121423566 0.25072753082463595
0.7389871775184798 8.22363952290757
8.413466941712777 9.94059063445076
0.33176542841726686 9.12224468842149
12.72837556311805 4.137993094221656
8.739387800868109 5.689263076093704
1.5265702380347328 5.992218043386944
