4.139588978512446 9.892070933957308
15.968348243663636 3.383331889807988
7.247385795428979 8.493915929332589
1.9736415315025155 8.66300449504756
11.261141157159836 8.8732790502706
13.186126766988915 1.2725257743227847
4.593049702511431 7.167340360091442
10.268336020309905 5.822868192737389
1.3002101309921272 6.520939312447784
6.607388433288085 1.7725201488966158
13.504962522055886 1.59861548454034
15.454533269956476 8.033186647530759
11.040491112754799 8.459960647950425
6.915331377765133 6.861562752643826
11.987451575707771 4.477205362300127
10.574862735663432 6.286654266024836
7.752688011223123 0.5976764924375189
11.540591152182165 1.624288969858212
7.7659576405862865 4.934617547912515
4.416290252784835 0.8110183846574137
15.252499747477014 6.735920589507311
12.205311575566219 2.7469223463075165
2.8442296341291 6.3420528513289245
10.535537014062497 7.148588927660104
11.331603397942146 2.799954485325279
15.161072377482885 4.88613640498871
11.362961278874973 6.995639373315756
14.422351716842142 6.24407668412164
10.941858126664295 1.8413634608024498
6.935751751708498 7.182678311466448
4.466023570645456 2.306403566630885
11.021349704408948 0.5762388815658959
12.97879937334966 0.7050398784792178
0.34849891147393564 5.773964073161584
12.45977664106752 1.05896144993177
2.0218337445970107 8.705921597020069
