0.5116042248297017 8.176007153656506
1.6407770162543738 3.9000560516837157
3.04648160709357 1.202527312700078
5.86752176316188 8.232271666992157
1.8543485072494956 4.806696314677965
2.8001022568048217 2.9859065851329634
5.74727283408299 3.8254429616719907
4.742616781925015 1.0687672666840764
6.793290035287841 6.663961449138273
15.292848401196071 4.435405077420701
1.551858759213502 7.389634241103135
6.016110098405205 1.688272155835796
7.795157052172819 5.559614549165488
12.761882532982868 5.072905913826647
14.568557705018419 3.869990902718227
3.754909145870629 9.034243275754225
12.615630091517442 3.3643385840674753
10.973683151624206 4.727982396214875
13.147959982732237 5.995004761169654
4.999384353088242 3.895777361016526
3.8016520850409368 8.657332716147549
9.65590198917056 0.4629104358149694
3.9907520103041616 7.009374119730123
11.465827855543015 0.6262781166711429
8.823084270709243 2.000677503991448
1.459005969548464 7.428053048188725
13.903533658288183 7.802439368984295
7.164979532450658 9.420182058616334
4.74545904963283 1.2480682633353946
9.264315302080625 7.770359534070765
3.4473224435122223 6.178361434444812
6.679418577251619 1.1589862302518295
5.144634745939566 8.499250129259497
2.7544398121098634 7.1386273158792415
3.5078101368648458 6.205962976784781
10.136722012146778 2.232784474935663
