11.503292162840992 2.6652902412061206
14.111736268864073 3.435549081052823
9.549122758837692 7.551963940666325
14.684831454954557 6.816512603784169
4.233001256440497 8.924837480641333
15.791870776620097 1.192326676284523
5.404160472623174 5.978144244291922
1.3151856342265589 5.896059638446641
12.993675787802509 7.159935507731606
3.268063573185538 2.1517499055232303
11.600093219656252 1.1800876463847232
6.705197777141494 8.283944032551778
0.9083237356157703 8.460885530480244
10.114760358513262 0.8643731928508391
2.382295545424343 3.2785234593931745
6.225709868556777 1.6577283828843337
15.283730760331228 1.9789749867895357
14.517576856008942 1.6557493676671808
13.740909064838934 2.622232846031257
2.6318951312555967 2.0772530648595766
10.024036432629527 3.489850711780347
10.177030589861497 3.0723793241843653
14.752106497600133 8.158417383293576
11.009081295055973 6.246215864990294
11.173701905403576 3.2261993208251982
3.9807055139616576 5.392328993672732
9.509661169040685 1.6631756477361204
14.504401158118744 5.268610610403565
13.679054998323329 6.198682598481316
0.7356383942575508 5.142855051986088
3.489326273076756 2.6737646069688537
14.153354206238255 8.88556548965653
10.456351146268618 7.3409526668790805
2.2906733416230605 7.04115996152657
9.893585977727394 7.058354820992992
3.765318707574645 1.0984200852218462
