6.380626969976042 4.2431102493731885
11.084583375145943 7.893975494524184
2.7572383408756522 5.769485073769209
11.095135760143226 2.1820318992994867
9.236880398363972 6.934122450605129
15.662641132671897 9.136018089488017
10.74817704950185 6.554735003176289
1.8443416395347008 2.5444949072478784
15.597172988780146 6.906820422799285
15.069029522705632 6.172388237074093
14.790623341601451 2.0312757044327845
15.77892733821573 8.363583850797706
10.264395301408205 4.671013655351198
11.997389164027014 3.2289977520285316
0.9879454908946279 5.88520662473579
11.83290345225832 4.746770368821066
15.94891726170232 3.968607002512088
12.234339518494169 0.05126374393593647
10.989038786996188 4.126361276146957
8.350480453260758 6.663900936588256
9.345414255324329 2.1943571059500755
4.99041971535566 8.898817849156218
4.2133776417641915 9.949843564095413
14.92145532551108 3.1224865236848567
5.82070977274136 7.956590228444523
1.4074618870731541 5.74266050706214
3.6325169829520068 4.541458253908645
8.498087809620788 7.408561085367966
12.555006696838158 8.776742004514356
3.927801185529365 5.352682737126807
11.990873002462141 2.1260154539313794
14.639654344749275 2.9575168719728606
1.8004856609802697 7.9876326965122555
4.037403153725247 2.506154043593342
13.75557977916144 7.860085329384412
1.299091755055894 2.034023744716519
