1.853057220640851 7.111913121254156
13.469291002010115 6.9033276736415985
8.656736964144443 7.762508383284301
4.541149979559982 5.413361583199617
0.3023206011338271 1.2642743909442145
9.337545999210803 8.92777776684544
6.309900005151212 1.0351425581042195
1.1556969139277502 3.0410936406070266
12.94030322193881 6.281892212481399
12.433620548613513 6.293297975532715
3.985961015927744 2.886464043786583
3.608682389524974 1.0789311701299653
1.9460823827068285 3.214413161456312
12.330725182033838 2.6104678984472374
8.252610878371689 1.8868626482823614
8.68949253222648 9.537644847591283
4.769456988508008 1.9041485045203788
12.671231785615383 3.9008441702563204
13.931288789070207 7.616031194211351
7.019809769934172 3.323144567426992
12.404863119245714 7.397455794235358
13.451286010984328 3.539770201068637
6.589339743892255 8.729578332826692
9.258960323716133 7.815466404410383
6.260127808266926 9.270809004779919
0.7751613605210874 8.65999341798252
5.924148896214833 0.2258074200876048
15.023994747439101 7.7395785885003985
15.748191720204956 7.338216439246835
9.16337633142282 6.000990866058591
7.001590025423981 6.84107222360656
12.206786490203328 7.867472304835897
15.981846600130968 8.304597645473251
9.799498685433017 4.4028279005471695
3.498816577018644 0.32853375662246553
10.824957419978816 7.715154891705693
