9.502527536503397 1.6629220696470726
1.2428796086057474 0.3023329515395079
15.648645719703886 5.463151049235757
7.67436043231951 1.7650656467901915
10.67009761219339 2.264483532433191
7.602738962670598 7.891150354991674
10.478014580249848 3.8782546640015623
0.3227034681670222 3.116789410133304
0.9577212815460712 7.685890987154239
12.152555355679551 4.430012788877379
0.4712358319258918 0.9360844412025693
2.2339003142835026 2.8079777139541315
0.7345115697190927 2.4273643675803083
4.195229668163895 4.0168042771791255
9.563140479810725 6.521641850053541
9.12883534104195 4.463498822830344
15.427806168156717 4.369840287546905
10.911461148603376 9.816102756004314
8.697829123355067 0.05862818667952019
4.8159612537559155 1.2374456573737225
4.300757333062849 4.535860744387302
13.106317700709798 2.3468804945703727
5.76166075419264 0.23807486047086268
7.948261339848688 5.104062256462807
0.7726721713940936 7.498267935844406
9.932131584131438 4.698583708360426
11.86420605331467 1.5406999395101706
5.2884784267580915 1.595755590786856
12.41210905423945 0.6567204166209928
0.5855473999270089 9.206591128914294
1.3302241132581027 6.756527003241382
9.215463623390567 0.4289646942632719
12.09281022878762 8.699580188058677
2.6213605341848876 4.322368310651718
15.094033999142452 3.585970835651403
7.285153247698444 9.134934489481822
