7.187854679000948 4.624552681301216
7.73947364738174 4.430821760248511
7.034322052924557 2.54923136930905
3.150187968376164 9.279918706541077
6.708620775363579 5.567932957792641
3.093234447837304 8.20396758465548
9.548875730958871 1.422772334526694
10.53895154738593 8.278669986736505
12.460964260430263 1.2220158275083226
13.315418498054262 4.750785180965039
10.617210422386115 0.7468797188915677
8.605506962076287 2.419364396334757
6.249507286300666 3.688118835153258
1.4922235229527558 1.9435153710415798
9.54336315403509 5.955117606073657
8.913097479253915 0.8566861016535365
14.54332061832673 7.615286421573212
11.500875650984137 1.8391513765525414
7.168003442357044 8.341023128852106
6.337075403084507 3.147562428371108
5.771929378635493 0.40699645448783794
4.1291179621496195 7.280296696734392
0.8204588794405954 6.505225438463148
1.5403189033795286 4.375299870284942
3.624914109419926 1.4091489889792952
5.190988610277023 1.3283325556943504
6.238438926100901 4.7225363458492104
10.286664231823025 8.864719155139548
1.168782845292517 3.914541782718489
12.773995040615075 7.873974806687186
7.369983603286496 7.198944169020637
9.036171352218856 9.892334856134948
9.523841067735562 8.401543451815947
2.5989760234305592 6.436738085284837
8.390203637102497 7.603547330740405
3.9703119027525133 3.3366040674887074
