7.083417642529648 0.48014111532868387
2.624439535111488 6.182769718332592
11.918734695847371 7.823453337025674
13.243733264843874 5.20963480191744
5.021583717787898 3.4554602869358697
10.191618941304597 5.253395135331705
10.36530797197876 9.29715560226503
15.657701681284555 8.272388397667
11.395398857185215 4.304724741800429
13.128738245003031 3.568132130874507
10.375276543394984 9.072313485003185
9.313839347114708 3.783828999034818
2.9086825607176117 6.919760357200142
7.098520602555503 1.4179963724306521
6.311560137993956 8.596281120602697
14.744694686231217 9.14930061690949
0.18112610763337678 3.477141421549951
4.749632171683887 7.125473610641626
2.980958348858307 2.107018946391542
13.99106334379996 4.840010943573918
12.56726000281268 6.718849519889607
6.03776668352387 8.666838797342411
14.403794100678144 9.469593326057495
5.6222290547900435 9.659954231114417
8.504214514658177 0.511939040430146
6.475506143263464 8.694417816198829
8.170894657030509 1.0698613181961725
9.013060718334208 3.8286242775863624
12.973649752410665 3.658260260768057
10.471643877200826 2.4883725690850076
4.012045609411574 0.5782663872248883
1.3434612784606035 1.665730391192074
1.4022536979418945 3.460229022347805
12.144881604234222 2.078977687414306
13.221040712390048 1.8859357678653033
8.296795879277864 1.72655821293355
