2.252927997089298 4.502228727453588
13.796238947712627 5.408129005117338
12.981165716037928 3.211464629835721
5.175849392890141 6.615534416155395
15.919894710738516 1.0425489074862693
14.025233874595434 0.8595092271570026
14.90099630204531 4.354192643234601
6.921516889624758 4.333236863185047
5.49694578909296 4.258988312794534
13.193121127454148 6.554501324592577
1.3893223392151963 3.6696384092293863
14.67094631921623 7.544505946911443
13.44970488245145 9.767846516885433
15.269890780136883 5.055140103737967
11.478095725590238 2.206996847448419
7.804484507513189 7.310753102499582
1.9283336390275618 5.919643951711552
11.741148431873066 0.6698942832370414
3.28300366266782 1.1377906444322627
8.855926675337852 4.24544544469919
7.346206374665183 9.602260908830273
8.718639596930332 9.816636538484994
1.7625276751541925 2.082666039688348
3.3914998655145823 1.0819014266161864
15.46904543329375 7.710875112643941
11.276954307445362 5.689986715519529
1.5669525179576684 8.854132196873627
0.780324756754478 1.630046671002049
8.780687590406544 5.3123865568836495
15.776992904597138 3.686785681753789
12.343305943673919 0.6261842852895505
0.5620090320836812 9.321275782342592
14.143029106998613 9.000566854329088
2.403417042827174 4.220086950110552
10.423927130854025 6.483005621122567
7.774335376013086 6.870406396491174
