6.669458014365484 3.035380474851863
11.225037899058519 4.06627040164921
4.272121363146336 5.936624497288654
0.35631437501292673 4.472964543330099
9.508421980156946 2.4687737513958297
0.2661507092501889 2.9988812746298823
0.3723424436167484 7.303553312227516
13.943764864836949 5.926123679581878
2.1357956885115232 6.800211573268621
5.6487972144185985 6.137037838135161
8.178339698048514 2.8405604590472255
7.051250932607802 4.478345745906078
9.972399562281028 4.865781431951498
10.986841391609811 8.443275473169251
12.617971770038805 0.7250453544215107
13.210464430874715 2.7854817022385236
4.002692683132036 9.73056842435762
14.069648794647605 6.657521610643088
15.86454005841197 7.567030751279091
15.821923226879948 0.18956077826542295
6.358238067803555 2.907188402629848
13.728072200943839 9.564804712939123
5.372125688203715 6.747552682626417
13.203761004218558 3.1220755120070853
4.140363246565855 8.738880235950537
10.753931120279812 0.5450080181666794
0.760115695825931 1.6237848308154834
13.394661546550314 3.385993459945864
8.758024186309026 7.322973155544035
7.471643695598392 8.022070602778197
10.734575632825116 4.263087911886009
3.706424961389539 3.1475257972031176
5.6406827820889 4.757477905581239
3.9942907636097527 1.0189246889463932
12.406371509772148 2.300883993377126
13.61512356662628 2.577944847674175
