9.597265096186993 3.7274598407806803
12.071411051370827 1.52362066040307
14.78899978340827 1.6107113251907357
1.0041446470332893 5.051919370035782
10.559272283906754 0.711449636542475
0.9108466711405079 1.7098201821633985
11.754960482947817 6.421013622090182
13.444231270959266 2.6721624569294655
0.6834817427529334 1.376381307684883
8.178193049541422 2.1532259231642916
11.0322769266528 8.082281850642133
15.941386636076366 5.5983931390735915
5.045592549813332 0.5337694584564701
15.450963691440728 2.4696270850209103
2.8099088745203566 0.29763605775903423
8.344757128167787 1.4149638594908553
1.6069480083051246 4.2961343411297666
6.454937068364563 9.123589040159494
1.2506679938958438 3.3441351841820666
9.155230043272818 5.719308983284018
9.640000553819892 7.049779420562321
15.372596785537501 1.5012638363444697
1.4599724744736307 2.9909526666817907
13.93515461588019 1.2352379556262483
8.37592825650317 2.64925821344129
9.870245895577504 7.681606483791922
7.908833454538977 7.356688836914565
13.825664924937435 2.7149749633763074
7.029937818321944 5.8136455643203435
4.7320867064426935 5.834780256824522
10.548373614896981 9.50817207755909
11.338129816100068 4.2193315431926095
1.444400293547968 1.3133484069936252
13.91600984123988 9.228236849113522
14.337103246650702 2.142224213008126
8.2126710916946 4.38586180713107
