3.7204973758546593 5.461417973377284
14.129655313509206 7.802788426008279
8.52225346329332 7.1691990314885246
2.1941415528837407 5.714793995798308
1.423423581994614 3.2712958809569748
5.771875698387513 4.909388623532359
5.138148172589778 4.321519011759901
5.659757115820556 0.2880258162249183
13.990431714320808 3.97174526667623
0.7370162420892772 9.978485250033614
1.9382589642700605 7.555314929687908
14.10155147226655 3.624337787598111
13.083468326574504 9.461750015602375
2.510207161708646 7.284181043564056
8.822841935688272 6.64746012500931
8.097061300194282 2.182080894606556
0.2987723587362048 7.450927899552892
13.114622058527281 8.207494642838668
14.429589248784495 9.295946205118238
5.64766070614966 8.281296998621698
15.012175278671819 1.4863832523889609
7.5628546360092095 4.546251351500398
13.906323630513969 3.5760998923488807
2.8272203567771808 1.5563935586341826
14.96150205162647 5.808682151324948
0.2064101495037125 5.277748704542939
12.547789278822329 6.721594590464539
7.412095890249102 6.260691052256839
9.325264342393988 0.9971877474028457
15.048544323572546 1.3010067140371573
4.533982283458467 1.3590329950348834
8.307855158920637 7.121452658253997
3.730529896941791 0.8902176386214922
10.675677988304786 2.9607034295380097
3.198816987916823 2.6026460318741753
8.338174075805783 6.524050878140838
