14.664495088009144 1.8243470323109756
8.344331011819543 7.368462095717928
3.05630099458533 3.8659296928620357
8.95146520434279 4.748731591376236
8.52318754875284 8.898746787931591
15.87804986494743 5.049085017066891
6.655607900163053 4.212249288761432
11.263792516192233 7.1524747701069655
15.54464955098859 9.419353026564517
0.33227919403893225 7.906823312326004
14.552931489651154 0.6658521345414858
15.610897070254332 2.4153203682457147
5.1747676536689315 0.36911227302099503
14.79293567885004 0.38847112253936444
5.275454991753943 7.095982519865526
15.59340214864133 8.875724517681961
14.398159191099497 1.8604486870891623
9.684879705081558 1.3267992809667095
5.08915576410763 2.165417061913466
13.618931750091928 4.473298679417786
11.73573493183245 5.257718744753502
4.207765568846796 6.125410182579413
1.4745039148497288 8.776208938224451
1.9236450562010798 9.63473712701359
7.193908682895746 9.648449693757579
4.762853579560707 1.6430147362399017
2.7809423739001513 6.6991409216899
6.004883869715787 5.034516826744459
6.420783045175622 7.304084839296728
4.033179138642607 7.217680076517877
7.853609828428331 7.5757631416988245
12.277886145701206 2.1670186271765934
9.247391340821423 0.4612879060616504
15.547207802376827 5.80276833320098
4.786340821806938 8.81311996303435
10.54890771443002 0.5282180673874859
