7.17369434489563 1.347313003105105
9.595665586388929 4.495033550178195
2.8253470465251898 1.6608738419632474
1.0435609732578115 1.94035370955016
13.657888677619706 6.4373967910062655
12.731027956056025 7.3330604736324725
15.626051729650875 6.427466760927723
14.339508294665919 3.9564192665286066
15.226659764191806 8.02489067097468
7.710987454142083 5.744729763938289
6.021670636241529 9.04826359916606
1.4087435157143702 2.777490736763074
15.415331422386693 9.525340878348299
9.667608772371256 7.562163094178663
3.9829016807218593 5.267214537703529
6.573896739932227 7.7495640654007305
3.644179573702285 5.668506300110099
9.35836639256776 6.305346299537257
15.748004295234315 8.273743067544897
14.413222410580248 2.805828653525515
2.679545364400525 6.835001648482928
13.967032332961743 0.529912963838759
13.239066504874785 3.873939230696799
0.449200683524543 1.2764183281792407
7.557302463327247 4.455700974231053
6.465195249805024 1.5746751718913787
1.5487419197107961 6.022454766095693
7.872287183065357 0.4371429657328296
11.956085509725803 2.280995259077987
3.37329856079217 6.669635827831181
3.0593765605809207 7.182589876330611
12.125751386723376 3.3259453327673514
4.804413879927637 2.510109256438219
12.735150470926806 1.7518952005473831
13.965359203189674 3.6718095402608952
1.0827758062486428 9.817586229356912
