5.56466280724044 0.8499501957919819
11.304609567958066 7.97923120190999
11.602913039817096 9.90833707193968
2.1126193618019222 2.4089160660836506
0.38828365554461186 3.1820932593879627
9.855005503565234 3.4738317955447338
10.606311463270686 4.187740237889938
1.8188445012538264 7.102034194297778
3.851192041134045 3.023793814807788
7.721235278721963 6.9762353983817125
12.19322838223424 4.541668306132404
3.3800449476661996 9.133039001428894
13.729712197639339 3.6951288212727995
2.7535459627197287 8.486554436448925
11.641267017188595 8.074511409966796
7.897110688140195 8.531425762213724
1.1613226170847746 8.29496309915862
2.6690973561890523 9.704986729089747
5.062723465898921 9.988809175172248
1.0164859794288983 3.92373504889611
12.13149531599628 6.666830657942905
6.180925769395563 3.9180250296965435
10.516929851930527 9.694927867770906
6.748569374370758 4.946094917641637
11.803917556262027 7.55793303460603
15.870410735527368 0.6536406748306545
3.162336488360756 5.939040727655543
4.0880353675664445 9.692220822489471
14.166007830478277 8.232087703012143
3.103778581456364 1.1951152601632642
9.972312738744495 2.070813610451668
10.010470513014024 1.2860945280263891
14.544700481559309 6.5504984633459085
13.714898917219543 2.517608699568786
11.017740008420176 5.571321667885164
5.101396970223378 5.14570991868592
