5.7570547995855605 7.229449456555645
6.056930630374177 7.415584922296576
7.862473382790839 8.990056634196238
4.356776791613138 8.262803047344802
15.852512750983406 0.2892325949032648
14.8472532199963 0.39355702500341927
1.6248846002594117 3.3665389745063212
4.053510039492091 7.327946016321768
2.5700831808720697 3.7949592291195353
2.086182849574728 5.5831324489612175
12.08353865179936 5.632560389747039
5.772817521827772 7.203485153712702
6.715236218171912 3.7907774100866707
8.593579874399289 8.229748677918938
12.479988410811224 7.835965518986448
13.195190699616306 9.058611855908387
11.068530678758506 5.544849892248464
1.5285402988674566 6.20129442335699
12.884226070406713 4.789500898068589
8.441112623070513 4.059464455919263
0.9443820113623591 6.055613958395744
9.153263405192945 6.1004543934455855
10.26045796642533 6.975970410094433
15.849239352479803 0.5613374818820149
13.389127294347668 7.4731763302183305
2.483457825799878 0.39979099572178156
0.8299787386677302 4.0449922315049855
6.503947960286306 0.1474255851464168
12.247180272510391 6.599127552829191
5.951123648634219 9.559366879613677
8.000540110595558 1.6112428870082574
10.421545851200221 4.371458967388662
7.069955426553538 4.873477772020548
11.20652202175972 2.57174124127181
5.2331068422513525 5.743184768023202
10.231078710041604 2.309246935232294
