10.811977416346231 7.135072597952881
6.545880286436839 0.01804702863384522
13.876546246161789 4.864731276062999
9.911898934371846 5.11551680208329
11.857651361076796 7.083211930635942
0.35474672022251674 7.807596819624423
2.3143520312657504 5.1131613054911
12.36060812874815 7.187405235424846
2.4203226844722696 3.0796486778736387
7.565126812721722 7.293859892499224
2.0179045236789666 4.085136267158113
7.367547610875079 1.5884357724446063
10.451613680407247 3.072040170529642
14.28007261552872 8.207618547790755
5.194619899385049 0.42288944828988706
1.6314447614394965 8.613937145189507
10.734166886289893 7.13483417244677
2.263511461036501 9.633713496741619
5.471917710849272 5.5796758244769435
11.273451029180753 6.668970996603511
1.7282882415939689 4.103637125084436
8.987537174199712 0.75617095323256
9.625167263518572 2.4563578456358104
7.327272204396019 6.004944707403831
13.295363724173543 2.6242385043451213
0.033620589876077744 7.264539430185976
4.892552552592486 5.489175897390224
8.636724880543857 6.163987589267178
8.464915057606648 9.943899548355402
14.113868852880584 9.576815885901446
2.9133972521182248 3.602138731151067
13.956879798811142 8.210252241292942
0.5966914736814246 5.821647350283394
15.57419048506764 5.6631111630878035
3.003232061297636 7.492185366722543
4.9773249193843565 5.8626759715253485
