8.743289972976958 8.475256403008931
10.597082691946468 2.3037482485036334
1.2285915761727253 4.619837272477736
13.043144825881619 7.194726958737889
10.703462068169488 2.1508957278569616
10.682152384211765 0.19005856054740256
15.05600827309064 8.908571371323376
2.053713737060262 9.121334240673013
3.2427150885370875 5.168238672219985
2.1874557168505913 7.129852670926342
12.337137672096611 7.009975878729255
2.4764791105877197 3.9356862031182347
12.233517170543161 3.7265860263276798
1.8573408833757359 5.398770362281413
9.896581092118511 9.211940630813682
2.6713235711930565 9.81229477573994
1.1406623562923368 5.648966352592034
9.72173524148157 3.532715372280042
11.490844448181159 2.5228690370112474
15.573067253695841 0.926856597383533
5.67468972837103 1.2463628863911402
7.049496372625187 9.439190704868214
15.334817028485771 2.448322414806181
2.147679439928698 3.2769016157205924
3.603433760584215 0.05598095269319758
3.492996156112442 2.991350444445955
15.201727563922786 5.254169721641825
12.33979029952356 1.150975532908477
11.267340284335278 0.27096760970548694
7.032689141975354 4.184338832031745
14.950602571294862 8.713080216397675
7.548403977159216 5.616410397763526
2.3073089516042327 9.83293190825413
4.325110649007151 4.593052243519815
10.883340600878991 2.0039147021543013
2.8779667317220294 3.5250120908697733
