6.743350630731573 5.193555092350179
15.506772641550887 4.353262363184537
13.749986528456333 2.890015273920522
0.2008673129252294 6.240118370633655
10.14064634826624 3.266295990043232
1.7207038436529007 2.0329419867475473
4.7000852898882854 6.0727960503529745
6.917591711691882 7.465535486660925
9.541485419543552 3.6037608321418526
11.821699401275952 9.668322931197622
8.711136408364498 8.000460358977751
11.155225993230138 9.741417759696244
2.5032175702861625 4.342460663302096
14.525883308654224 4.215770430741261
9.04642462298241 2.6393006535063055
4.773574830419513 5.850523011035559
4.01178249254623 0.7598172614735699
10.202574147237858 3.5259193129756596
5.813978367084918 3.025726190561561
0.9857988374223172 3.957052958205507
2.2860227863779343 6.335822144641485
5.104602878495571 8.426972667760147
7.583397767161342 8.085093979863364
3.068895016010586 7.843857217712166
2.7945587482516743 0.13683685276515645
8.450032022563358 4.122302460867368
3.486659559224213 9.484688761572437
9.229959419287892 8.561614117865924
0.8390796479778846 1.6511019884124567
3.9034772476615114 0.9420414001550936
15.881851802516412 4.081359721933012
1.5614424462910161 4.469648095490193
15.448703869010437 5.918113502089986
15.036244350303663 1.4198605539049935
11.477592049968937 7.135644376744893
8.607016718839574 2.466613772841244
