4.507042770269569 7.263596648601748
7.780416136997324 7.593916205677439
5.76250393256484 7.0199334189450475
14.425751359056031 5.397155856385998
13.722730876407672 8.682856122352728
9.906074157226866 7.990969696450291
1.903641032022792 3.201081100991229
13.041980017766999 4.213460849406442
11.875963524308546 4.691341072426706
10.490487208023705 5.78086707477436
0.6926711368409713 2.934245669005625
2.5383103739609325 5.721937804804585
7.852795507044192 4.9004480947382465
1.7243500186683445 5.850446899559572
2.936080994505817 9.593633934557467
12.4727514894213 6.686393335321661
3.2175018493281744 0.15085268871163238
8.23657087131436 1.0580150365192231
10.389834306508295 9.511015226424677
12.762567107347788 8.74720314435426
7.3969401075526715 2.2614933907045573
0.6232498467573695 3.0064380357504605
15.628376540296795 2.189214488754556
15.911229046106504 9.044524735423147
8.714232306963574 2.3071775338325695
10.96924660471276 4.667589653969308
4.4394623799595205 8.499260087036621
7.462481685362496 7.761999808512612
15.605413716228181 0.10800285237696938
10.609173980648485 0.3079541618589976
8.572735347362556 1.981986430527577
15.074257526440796 2.271909827416513
3.893010657123302 8.584286431119851
14.30297813562495 7.04821589391331
14.09209383288691 9.446804136227009
1.2174659080402694 3.26869719714184
